0.005190
0.000011
0.000001
0.000001
0.005033
0.000004
0.000000
0.001251
0.000002
0.000001
0.006320
0.000003
0.000001
0.000000
0.001112
0.000004
0.000001
0.000001
0.000000
0.000001
0.000001
0.000001
0.000001
0.000000
0.007112
0.000003
0.000000
0.002133
0.000003
0.000000
0.000000
0.001661
0.000002
0.000000
0.000001
0.000001
0.000000
0.000000
0.000000
0.000000
0.000002
0.000000
0.000000
0.000000
0.004487
0.000003
0.000001
0.000000
0.000000
0.000001
0.002180
0.000003
0.000001
0.003130
0.000004
0.000001
0.000001
0.000001
0.000000
0.000000
0.000000
0.000001
0.001207
0.000004
0.000000
0.002829
0.002035
0.000012
0.000000
0.000000
0.000000
0.000000
0.000000
0.000000
0.000000
0.000001
0.000001
0.000001
0.000000
0.000000
0.000000
0.000001
0.000000
0.000001
0.000000
0.000001
0.000000
0.000001
0.000001
0.000000
0.000000
0.000000
0.000001
0.000000
0.004356
0.000005
0.000001
0.006986
0.000003
