0.002476
0.003302
0.000005
0.015980
0.000628
0.001959
0.000002
0.000001
0.002945
0.000002
0.000893
0.000002
0.000000
0.011340
0.004783
0.000005
0.000001
0.000001
0.000000
0.000003
0.000001
0.000001
0.000001
0.000000
0.000001
0.000000
0.000000
0.000000
0.000000
0.008442
0.000004
0.000001
0.000000
0.000000
0.011061
0.000003
0.000001
0.000001
0.000000
0.000001
0.003071
0.000004
0.000001
0.000000
0.000001
0.000001
0.000001
0.001950
0.000002
0.000001
0.000001
0.000000
0.000001
0.031793
0.000004
0.000000
0.000000
0.000000
0.000000
0.000000
0.000000
0.000001
0.003338
0.000003
0.000001
0.000001
0.000000
0.000001
0.007508
0.000004
0.000001
0.000000
0.000001
0.000001
0.000001
0.000000
0.000000
0.000000
0.000001
0.000001
0.000001
0.000001
0.000000
0.000001
0.000000
0.000001
0.000001
0.000001
0.000003
0.000000
0.000001
0.000000
0.000001
0.000000
0.017957
0.000003
0.000000
0.004826
0.000002
0.000001
0.000001
0.000001
0.000000
0.000000
0.000000
0.000000
0.000001
0.000001
0.000001
0.000001
0.000001
0.004880
0.000004
0.000000
0.000001
0.000000
0.000000
0.007409
0.000003
0.000001
0.000001
0.000001
0.000001
0.000001
0.000001
0.000001
0.000206
0.000001
0.000000
0.000000
0.000000
0.000623
0.000003
0.000001
0.000001
0.000001
0.000000
0.000000
0.000001
0.000000
0.000000
0.000313
0.000002
0.000003
0.000001
0.000001
0.000000
0.000015
0.000002
0.000001
0.000000
0.000001
0.000001
0.000000
0.000388
0.000002
0.000001
0.000001
0.003263
0.018547
0.000003
0.000001
0.000001
0.000001
0.000000
0.013468
0.000004
0.000001
0.008707
0.000004
0.000000
0.009660
0.000002
0.000000
0.000000
0.000000
0.000001
0.000001
0.011754
0.000004
0.000002
0.000001
0.000000
0.000001
0.000001
0.000000
0.000000
0.000001
0.000001
0.000000
0.000000
0.000001
0.000000
0.000001
0.000000
0.000000
0.000150
0.000002
0.000003
0.000001
0.000001
0.000001
0.000001
0.000001
0.000001
0.000000
0.000001
0.000001
0.000001
0.000001
0.000001
0.000001
0.000001
0.000000
0.000001
0.000001
0.000001
0.000001
0.000001
0.000000
0.000001
0.000000
0.000001
0.000000
0.000001
0.000000
0.000001
0.004501
0.000004
0.000001
0.000001
0.000001
0.000000
0.008590
0.000005
0.000001
0.019729
0.000001
0.000001
0.000001
0.000001
0.000000
0.000000
0.000000
0.000000
0.000001
0.000001
0.000001
0.000000
0.000001
0.000000
0.011139
0.000004
0.000001
0.000000
0.000001
0.000001
0.000000
0.000001
0.000001
0.000001
0.000000
0.000001
0.000000
0.000001
0.000001
0.000001
0.000001
0.000000
0.000579
0.000000
0.000001
0.000001
0.000001
0.000001
0.000001
0.000001
0.000000
0.000000
0.000000
0.000000
0.000001
0.000001
0.000000
0.000000
0.000000
0.000001
0.000000
0.000000
0.000000
0.000002
0.000000
0.000000
0.000001
0.000000
0.000000
0.000000
0.000001
0.000001
0.000000
0.000000
0.000000
0.009229
0.000003
0.000000
0.004155
0.000004
0.000001
0.000000
0.000000
0.000000
0.000001
0.002780
0.000004
0.000001
0.000001
0.000000
0.000000
0.000000
0.020890
0.000003
0.000001
0.020680
0.000002
0.000000
0.011280
0.000002
0.000003
0.000001
0.000001
0.000000
0.000000
0.000001
0.000000
0.000001
0.000000
0.009016
0.000003
0.000001
0.000002
0.000000
0.000001
0.000001
0.000000
0.000000
0.000001
0.000001
0.000000
0.000001
0.000001
0.000000
0.000000
0.000178
0.000001
0.000001
0.000001
0.000000
0.000264
0.000001
0.000000
0.000001
0.000238
0.000002
0.000001
0.000002
0.000119
0.000001
0.000196
0.000001
0.000001
0.000001
0.000000
0.000137
0.000118
0.000002
0.000198
0.000001
0.000000
0.000217
0.000002
0.000000
0.000000
0.000179
0.000224
0.000001
0.001274
0.000088
0.000001
0.011525
0.000002
0.000000
0.000000
0.005559
0.000003
0.000000
0.000001
0.000000
0.000001
0.000000
0.000001
0.000001
0.000001
0.011408
0.005883
0.000004
0.000002
0.000001
0.000000
0.000001
0.000001
0.000084
0.000001
0.000000
0.000000
0.000001
0.000012
0.000001
0.000001
0.000001
0.000000
0.000001
0.000000
0.000002
0.000001
0.000000
0.000001
0.000000
0.000001
0.000000
0.011858
0.000003
0.000001
0.000001
0.000001
0.006484
0.000233
0.000225
0.000450
0.000073
0.000002
0.000001
0.000001
0.000001
0.000001
0.000000
0.000001
0.000001
0.000000
0.000001
0.000000
0.000001
0.000001
0.000001
0.000001
0.000001
0.000001
0.000001
0.000001
0.000005
0.000001
0.000000
0.000001
0.000001
0.000000
0.000001
0.000000
0.000001
0.000000
0.000001
0.009416
0.000003
0.000001
0.000001
0.014674
0.000004
0.000002
0.006498
0.000004
0.000000
0.000000
0.000000
0.000000
0.000000
0.003255
0.000005
0.000002
0.000001
0.000001
0.000001
0.000002
0.000001
0.000001
0.000001
0.000001
0.000001
0.000001
0.012960
0.000005
0.000001
0.003126
0.000103
0.000004
0.000001
0.000001
0.000001
0.000001
0.000001
0.000001
0.000001
0.000000
0.000001
0.000000
0.000001
0.000001
0.011224
0.000099
0.000101
0.000048
0.000001
0.000000
0.000002
0.000003
0.000000
0.000001
0.000011
0.000001
0.000001
0.000000
0.000001
0.000000
0.000000
0.000000
0.000001
0.000001
0.000003
0.000001
0.000001
0.000001
0.000001
0.000001
0.000001
0.000001
0.000001
0.000000
0.000000
0.000000
0.000002
0.000000
0.007771
0.000004
0.009505
0.000004
0.000001
0.000000
0.000000
0.000000
0.000000
0.000001
0.000001
0.000001
0.000001
0.000001
0.002796
0.000004
0.000000
0.023246
0.000004
0.000000
0.019681
0.000003
0.000001
0.006927
0.000003
0.000000
0.003297
0.000004
0.000000
0.000004
0.000000
0.005240
0.000003
0.000000
0.000000
0.000001
0.000001
0.005014
0.000005
0.000001
0.005458
0.000002
0.000001
0.000001
0.000001
0.000000
0.000000
0.000000
0.000000
0.000001
0.000000
0.000000
0.000001
0.000001
0.000001
0.000000
0.000001
0.000001
0.007517
0.000003
0.000001
0.000001
0.000000
0.000000
0.000000
0.000000
0.000000
0.000000
0.005088
0.000003
0.000000
0.008112
0.007042
0.000004
0.007385
0.004865
0.000013
0.008477
0.004380
0.000004
0.016846
0.019831
0.004602
0.000004
0.007746
0.005267
0.000002
0.009958
0.008787
0.000005
0.022278
0.019277
0.000005
0.031759
0.010839
0.009939
0.000004
0.004212
0.010200
0.000002
0.004591
0.003129
0.000005
0.002784
0.000932
0.000003
0.000001
0.000153
0.000938
0.000004
0.000162
0.000338
0.000002
0.001037
0.000003
0.002401
0.000004
0.000000
0.000000
0.000001
0.000001
0.000000
0.000000
0.000001
0.000001
0.000000
0.000000
0.000000
0.000000
0.000000
0.000001
0.000000
0.000000
0.000001
0.000003
0.000001
0.000001
0.000001
0.004692
0.000051
0.000001
0.000000
0.000001
0.000000
0.000001
0.000001
0.000001
0.000000
0.000000
0.000000
0.000000
0.000001
0.000000
0.000000
0.000000
0.000000
0.000000
0.000000
0.000011
0.000001
0.000000
0.000001
0.000000
0.000000
0.000000
0.000000
0.000001
0.000001
0.013716
0.000004
0.000001
0.000001
0.000001
0.000000
0.000000
0.000001
0.000001
0.008525
0.000004
0.000001
0.000001
0.030311
0.000003
0.000001
0.008994
0.000113
0.000075
0.000055
0.000002
0.000001
0.000001
0.000000
0.000001
0.000001
0.000000
0.000001
0.000001
0.000001
0.000000
0.000000
0.000000
0.000001
0.000001
0.000001
0.000002
0.000001
0.000001
0.000001
0.000001
0.000001
0.000000
0.000001
0.000001
0.000000
0.000000
0.000000
0.000122
0.000001
0.008466
0.000050
0.000001
0.000000
0.000001
0.000000
0.000000
0.000001
0.000000
0.000000
0.000001
0.000001
0.000001
0.000001
0.013042
0.000004
0.000001
0.000001
0.000000
0.000000
0.000000
0.000000
0.000001
0.000000
0.007753
0.000003
0.000000
0.000000
0.000001
0.009224
0.000006
0.000001
0.000002
0.007534
0.000003
0.000000
0.000001
0.000001
0.000001
0.000001
0.000001
0.000001
0.000001
0.000000
0.000000
0.000000
0.000000
0.005342
0.000003
0.000001
0.008829
0.000042
0.000001
0.000011
0.000000
0.000000
0.000000
0.000000
0.000000
0.000001
0.000000
0.000000
0.000000
0.000000
0.000001
0.000000
0.000000
0.000001
0.000001
0.000001
0.000000
0.000129
0.000001
0.000208
0.000227
0.000001
0.000328
0.000002
0.000001
0.000001
0.000206
0.000149
0.000002
0.000200
0.000001
0.000001
0.000225
0.000589
0.000002
0.006250
0.000002
0.000000
0.000000
0.000137
0.096766
0.000006
0.000001
0.008392
0.000002
0.000001
0.008303
0.000073
0.000001
0.000001
0.000000
0.000001
0.000001
0.000001
0.000001
0.000000
0.000001
0.000001
0.000000
0.000001
0.000001
0.000001
0.000001
0.000000
0.000000
0.000000
0.000001
0.000001
0.000004
0.003777
0.000121
0.000087
0.000065
0.000042
0.000001
0.000000
0.000000
0.000001
0.000001
0.000001
0.000001
0.000001
0.000001
0.000000
0.000000
0.000001
0.000001
0.000001
0.000002
0.000001
0.000001
0.000001
0.000001
0.000001
0.000001
0.000149
0.000001
0.000001
0.000000
0.000288
0.000001
0.000000
0.000000
0.000198
0.000002
0.000202
0.014879
0.000005
0.000001
0.000000
0.000001
0.019435
0.000005
0.000001
0.007828
0.000004
0.000001
0.000000
0.000001
0.000001
0.007043
0.000073
0.000001
0.000000
0.000000
0.000001
0.000001
0.000001
0.000001
0.000000
0.000000
0.000000
0.000000
0.000001
0.000000
0.000000
0.000001
0.000001
0.000000
0.000000
0.000000
0.000001
0.000002
0.000000
0.000001
0.000001
0.000000
0.000000
0.000000
0.000001
0.000000
0.000000
0.000001
0.000001
0.000000
0.006508
0.000004
0.000000
0.000002
0.000001
0.000000
0.000001
0.000000
0.000001
0.000000
0.000001
0.000000
0.000001
0.000001
0.000000
0.000001
0.000001
0.000001
0.002202
0.000004
0.000001
0.000000
0.028591
0.000004
0.000001
0.000000
0.000001
0.000000
0.000001
0.000001
0.000001
0.000001
0.000001
0.000001
0.005268
0.000004
0.006377
0.000003
0.000001
0.009614
0.000002
0.000001
0.000001
0.000001
0.000001
0.000001
0.000000
0.000001
0.004516
0.000003
0.000000
0.000001
0.000001
0.000001
0.000001
0.000001
0.000000
0.000001
0.000001
0.000001
0.000001
0.000001
0.000000
0.000000
0.000001
0.000001
0.000000
0.000000
0.007020
0.000114
0.000060
0.000051
0.000001
0.000001
0.000001
0.000001
0.000000
0.000000
0.000000
0.000000
0.000001
0.000001
0.000000
0.000001
0.000001
0.000000
0.000000
0.000000
0.000000
0.000001
0.000000
0.000001
0.000003
0.000001
0.000001
0.000001
0.000001
0.000000
0.000000
0.020370
0.000003
0.000000
0.018296
0.000004
0.000000
0.000001
0.000001
0.000001
0.000000
0.003182
0.000004
0.000001
0.000001
0.000001
0.000001
0.000001
0.000001
0.000000
0.000001
0.000001
0.000001
0.000001
0.000000
0.000000
0.008822
0.000003
0.000001
0.000000
0.000000
0.000000
0.000000
0.000000
0.000000
0.000000
0.000001
0.000000
0.000000
0.000000
0.000001
0.000062
0.000002
0.000000
0.000000
0.000001
0.000002
0.000001
0.000001
0.000004
0.000001
0.000000
0.000000
0.000000
0.000000
0.000000
0.004318
0.000002
0.000001
0.000001
0.000001
0.000000
0.000000
0.000000
0.000000
0.000001
0.000001
0.031055
0.000004
0.000001
0.016145
0.000099
0.000085
0.000002
0.000001
0.000001
0.000001
0.000001
0.000000
0.000000
0.000000
0.000000
0.000001
0.000001
0.000003
0.000000
0.000001
0.000239
0.000002
0.000001
0.000242
0.022283
0.000005
0.000001
0.000001
0.000001
0.000000
0.000001
0.000001
0.000054
0.000001
0.000001
0.000000
0.000001
0.000001
0.000000
0.000000
0.000000
0.000000
0.000001
0.000001
0.000001
0.000001
0.000001
0.000000
0.000000
0.000003
0.000000
0.000000
0.000000
0.000000
0.000000
0.000001
0.000001
0.000001
0.000000
0.000000
0.000000
0.000000
0.000000
0.000000
0.000928
0.000001
0.000001
0.000001
0.007666
0.000004
0.000001
0.018910
0.000002
0.000000
0.000001
0.000001
0.000001
0.000001
0.000000
0.000000
0.000001
0.000001
0.000001
0.000000
0.000000
0.005679
0.000126
0.000067
0.000002
0.000000
0.000000
0.000000
0.000001
0.000001
0.000001
0.000001
0.000001
0.000001
0.000001
0.000000
0.000000
0.000000
0.000000
0.000000
0.000000
0.000001
0.000003
0.000000
0.000000
0.000001
0.000001
0.000000
0.000000
0.002240
0.000005
0.000001
0.000000
0.000001
0.000001
0.000000
0.000001
0.000001
0.000001
0.000000
0.000001
0.000001
0.000001
0.000000
0.000001
0.000000
0.000001
0.000001
0.000000
0.000001
0.022033
0.000004
0.014760
0.000002
0.000001
0.000001
0.000001
0.000000
0.000001
0.000001
0.000001
0.000000
0.000000
0.000000
0.009516
0.000005
0.000001
0.000001
0.000001
0.000001
0.010247
0.000135
0.000127
0.000066
0.000052
0.000001
0.000001
0.000001
0.000001
0.000001
0.000000
0.000000
0.000001
0.000001
0.000001
0.000001
0.000003
0.000000
0.000000
0.000000
0.000001
0.000000
0.000001
0.000001
0.000001
0.000001
0.000001
0.000001
0.000001
0.000001
0.000001
0.000001
0.007771
0.000003
0.000000
0.000001
0.000000
0.000001
0.000000
0.000001
0.000000
0.000001
0.000001
0.000000
0.000000
0.094324
0.000004
0.000000
0.000000
0.000000
0.000000
0.000000
0.000000
0.000000
0.000000
0.000000
0.000000
0.000000
0.000000
0.000000
0.000000
0.000001
0.000001
0.000001
0.000001
0.000002
0.000001
0.000001
0.000001
0.000000
0.000000
0.000000
0.000001
0.000001
0.000000
0.000000
0.000000
0.003925
0.000003
0.000001
0.008284
0.000004
0.000001
0.000001
0.000001
0.000000
0.000001
0.000001
0.000001
0.000000
0.000000
0.000001
0.000001
0.000000
0.000001
0.000000
0.000001
0.000001
0.000001
0.000001
0.000000
0.000001
0.000001
0.000001
0.000001
0.000001
0.000001
0.000001
0.000001
0.000000
0.000001
0.022074
0.000003
0.000000
0.000000
0.005490
0.000004
0.000000
0.000001
0.000001
0.000000
0.000000
0.000000
0.000001
0.000318
0.000001
0.000000
0.000000
0.000000
0.000001
0.000000
0.000001
0.000172
0.000001
0.000000
0.000000
0.000000
0.000001
0.000000
0.000001
0.000001
0.000225
0.000002
0.000001
0.000001
0.005401
0.000003
0.000049
0.000001
0.000001
0.000000
0.000032
0.000049
0.000001
0.000001
0.000001
0.000001
0.000001
0.000000
0.000000
0.000001
0.000001
0.000000
0.000000
0.000000
0.000130
0.000001
0.000000
0.000000
0.001279
0.000002
0.000001
0.000000
0.000001
0.000001
0.000000
0.014707
0.000005
0.006231
0.000139
0.001181
0.000002
0.002246
0.000204
0.000001
0.001055
0.002017
0.000002
0.000002
0.000001
0.000001
0.000408
0.000879
0.002391
0.000003
0.001940
0.000190
0.000001
0.000955
0.001043
0.000001
0.000607
0.000720
0.000002
0.000324
0.000580
0.000002
0.000003
0.000000
0.000002
0.000001
0.000170
0.000408
0.000067
0.000001
0.000000
0.000001
0.000001
0.000001
0.000001
0.000001
0.000001
0.000001
0.000000
0.000001
0.000001
0.000000
0.000001
0.000000
0.000001
0.000001
0.000003
0.000000
0.000001
0.000000
0.000001
0.000001
0.000001
0.000001
0.000000
0.000001
0.000000
0.000001
0.000001
0.000001
0.000001
0.000001
0.000002
0.000001
0.000000
0.000001
0.000000
0.000001
0.006876
0.000002
0.000000
0.000000
0.000000
0.001309
0.000003
0.000684
0.000002
0.000001
0.000000
0.000000
0.001466
0.000002
0.000001
0.003931
0.000004
0.000001
0.000000
0.000000
0.000000
0.000000
0.000000
0.000001
0.000001
0.000000
0.001399
0.000159
0.000068
0.000001
0.000001
0.000001
0.000000
0.000001
0.000001
0.000001
0.000000
0.000001
0.000002
0.000001
0.000001
0.000001
0.000001
0.000000
0.000000
0.000000
0.000000
0.000000
0.000000
0.000000
0.000001
0.001864
0.000004
0.000000
0.000001
0.000001
0.000001
0.000000
0.000000
0.000000
0.000001
0.000000
0.000001
0.000001
0.000000
0.000001
0.005789
0.000048
0.000001
0.000000
0.000000
0.000000
0.000000
0.000001
0.000001
0.000000
0.000000
0.000000
0.000001
0.000000
0.000000
0.000000
0.000000
0.000001
0.000001
0.001821
0.000003
0.000000
0.000001
0.012085
0.000005
0.000001
0.000001
0.000001
0.000000
0.000001
0.000000
0.000001
0.000000
0.000001
0.000001
0.000000
0.012110
0.000003
0.000000
0.000001
0.000001
0.000001
0.000000
0.000001
0.000001
0.000001
0.000001
0.000000
0.002053
0.000002
0.000000
0.000000
0.000000
0.000000
0.000000
0.000000
0.000001
0.000001
0.000000
0.000000
0.000000
0.000000
0.000001
0.000003
0.024025
0.000004
0.000000
0.000001
0.000001
0.000001
0.000000
0.000000
0.000000
0.000000
0.000001
0.000001
0.000001
0.000000
0.000000
0.000000
0.000000
0.000000
0.000000
0.000000
0.000000
0.000000
0.000001
0.000001
0.000001
0.000001
0.000000
0.000000
0.000000
0.000000
0.000000
0.000001
0.000000
0.000001
0.000001
0.000000
0.000000
0.000000
0.000000
0.000001
0.000000
0.000001
0.003930
0.000078
0.000002
0.000000
0.000001
0.000001
0.000000
0.000001
0.000000
0.000001
0.000001
0.000000
0.000001
0.000001
0.000001
0.000000
0.007444
0.004845
0.000003
0.000000
0.000001
0.000001
0.032373
0.011595
0.000004
0.000001
0.012076
0.000004
0.000001
0.000000
0.000001
0.000001
0.004840
0.000004
0.000000
0.000001
0.000001
0.000001
0.000001
0.000001
0.000001
0.000001
0.000000
0.000001
0.000000
0.000000
0.000000
0.000000
0.000001
0.000001
0.000000
0.000000
0.000000
0.000000
0.000001
0.000001
0.000001
0.000003
0.004252
0.000003
0.000000
0.000000
0.000001
0.000001
0.000000
0.000001
0.000000
0.000001
0.000000
0.000001
0.020219
0.000003
0.000000
0.000001
0.000001
0.000000
0.017207
0.000004
0.000000
0.014576
0.000003
0.000001
0.000000
0.000001
0.000001
0.000000
0.000001
0.017040
0.000003
0.000000
0.007314
0.000082
0.000002
0.000001
0.000000
0.000001
0.000001
0.000001
0.000001
0.000001
0.000000
0.00