0.000112
0.000001
0.000003
0.068047
0.000004
0.000000
0.000001
0.000000
0.000001
0.000000
0.055726
0.000005
0.000001
0.000576
0.000430
0.000002
0.002924
0.000243
0.002064
0.000004
0.000001
0.049812
0.000004
0.000001
0.001217
0.000002
0.000435
0.000471
0.000001
0.000599
0.000442
0.000339
0.000002
0.001000
0.000001
0.000001
0.000895
0.000002
0.000001
0.003589
0.000299
0.000002
0.000473
0.000317
0.000530
0.000002
0.000247
0.046912
0.000005
0.000001
0.000000
0.000000
0.000000
0.002333
0.000003
0.007099
0.000012
0.000003
0.000001
0.000001
0.000000
0.000001
0.000001
0.000001
0.000000
0.000001
0.000000
0.000000
0.000001
0.000001
0.000000
0.000001
0.000003
0.000001
0.000000
0.000657
0.000002
0.000001
0.000001
0.000000
0.000001
0.000001
0.000001
0.000000
0.000000
0.000363
0.000001
0.000001
0.000691
0.000734
0.000002
0.000000
0.000782
0.000002
0.000000
0.000933
0.000003
0.039435
0.000239
0.000002
0.000203
0.000718
0.000002
0.000001
0.001213
0.000004
0.000002
0.000000
0.000000
0.000000
0.000001
0.008734
0.000004
0.000000
0.000589
0.001295
0.000003
0.003691
0.000002
0.000001
0.001001
0.000004
0.004433
0.000006
0.000000
0.000001
0.000000
0.000000
0.000001
0.000000
0.000001
0.000001
0.000001
0.000001
0.000001
0.000001
0.000000
0.000001
0.000001
0.000002
0.000000
0.000001
0.000000
0.000005
0.000000
0.000000
0.000001
0.000000
0.000001
0.000001
0.000000
0.000800
0.000004
0.000001
0.000000
0.000001
0.000001
0.000001
0.000000
0.000001
0.000001
0.040072
0.000207
0.000001
0.005467
0.000004
0.000000
0.000001
0.000000
0.000482
0.000005
0.000001
0.000001
0.000001
0.002159
0.000012
0.000039
0.000002
0.000001
0.000002
0.001011
0.000017
0.003023
0.000005
0.001131
0.000004
0.000000
0.000422
0.000003
0.000506
0.004219
0.000004
0.000001
0.000458
0.000002
0.000316
0.000591
0.000002
0.000000
0.000000
0.000000
0.000621
0.000003
0.000001
0.000001
0.000001
0.000394
0.000002
0.000001
0.000300
0.000002
0.000001
0.000001
0.000001
0.000001
0.000770
0.000004
0.000001
0.000001
0.000001
0.000000
0.000001
0.000304
0.000157
0.000003
0.000002
0.030606
0.000003
0.000001
0.020781
0.000005
0.000001
0.000157
0.000904
0.000005
0.000445
0.000004
0.000001
0.000000
0.000001
0.000000
0.000807
0.000004
0.000000
0.004540
0.000004
0.000001
0.000001
0.000001
0.000000
0.000001
0.000001
0.000000
0.000001
0.000000
0.000001
0.002923
0.000004
0.005885
0.000003
0.000001
0.000000
0.000001
0.000001
0.000001
0.000000
0.000000
0.000001
0.000001
0.000001
0.000001
0.000001
0.000000
0.000001
0.000001
0.000001
0.000000
0.000001
0.000001
0.000001
0.000000
0.000001
0.000001
0.000002
0.000001
0.000001
0.000001
0.000000
0.000001
0.000000
0.000001
0.000000
0.023449
0.000010
0.000001
0.016613
0.000005
0.000001
0.004359
0.000012
0.000001
0.000000
0.000001
0.000001
0.000001
0.001182
0.000379
0.000001
0.001942
0.000312
0.000003
0.000210
0.000763
0.000002
0.000001
0.001092
0.000004
0.000001
0.000001
0.000001
0.000001
0.003053
0.000004
0.000001
0.005229
0.000282
0.000284
0.000001
0.000544
0.001089
0.000002
0.000001
0.000001
0.000001
0.000000
0.000000
0.002673
0.000064
0.000002
0.000002
0.000011
0.000001
0.000001
0.000001
0.000000
0.000000
0.000001
0.000000
0.000001
0.000001
0.000001
0.000000
0.000001
0.000001
0.000001
0.000000
0.018796
0.000004
0.000001
0.018638
0.000004
0.000000
0.000863
0.012223
0.000002
0.000000
0.000001
0.000000
0.000001
0.000001
0.000000
0.000001
0.000001
0.000001
0.000000
0.000001
0.000001
0.000000
0.000000
0.000004
0.000001
0.000000
0.000001
0.000001
0.000000
0.000000
0.000000
0.000474
0.000002
0.000001
0.001547
0.000138
0.000761
0.000309
0.000002
0.000421
0.000673
0.003664
0.000004
0.000001
0.000591
0.000002
0.000001
0.000000
0.000001
0.000713
0.000002
0.000000
0.000001
0.000001
0.001125
0.000069
0.000002
0.000002
0.000001
0.000000
0.000000
0.000001
0.000000
0.000001
0.000001
0.013128
0.000005
0.000002
0.017701
0.000003
0.000000
0.012087
0.000005
0.000001
0.000349
0.000005
0.006370
0.000044
0.000001
0.000000
0.000000
0.000000
0.000001
0.000000
0.005497
0.000077
0.000053
0.000002
0.000001
0.000001
0.000001
0.000000
0.000000
0.000001
0.000000
0.000000
0.000000
0.000000
0.000000
0.000000
0.000000
0.000000
0.000000
0.000000
0.000794
0.000002
0.000001
0.001284
0.000004
0.000001
0.000001
0.000001
0.000000
0.011365
0.000003
0.000001
0.000000
0.000000
0.000000
0.000000
0.000000
0.000001
0.000001
0.000001
0.000001
0.000000
0.000000
0.000001
0.000001
0.000000
0.000000
0.005452
0.000004
0.000000
0.015919
0.000002
0.000001
0.010295
0.000006
0.000003
0.000001
0.006280
0.000004
0.001125
0.000003
0.007548
0.000145
0.000004
0.000005
0.000001
0.000001
0.000003
0.000001
0.000001
0.000001
0.000000
0.000001
0.000001
0.000125
0.000003
0.000002
0.000001
0.000001
0.000000
0.000005
0.000001
0.000001
0.000001
0.000000
0.000191
0.000002
0.000148
0.000001
0.000000
0.000718
0.000001
0.000001
0.000001
0.003793
0.000004
0.000292
0.004270
0.000100
0.000050
0.000001
0.000001
0.000000
0.000001
0.000001
0.000001
0.000001
0.000001
0.000000
0.000000
0.000000
0.000000
0.006732
0.000010
0.000001
0.012105
0.000005
0.000002
0.011886
0.000016
0.000002
0.010336
0.000016
0.000001
0.000002
0.000004
0.000001
0.005715
0.000011
0.000003
0.010690
0.000013
0.000001
0.000001
0.000001
0.000001
0.000001
0.000002
0.000000
0.000001
0.000000
0.000001
0.000001
0.000000
0.000001
0.000001
0.000000
0.000001
0.000001
0.000000
0.000001
0.000001
0.000001
0.000001
0.000001
0.000001
0.000008
0.000001
0.001073
0.000075
0.000002
0.000001
0.000001
0.000001
0.000001
0.000001
0.000001
0.000000
0.000001
0.000000
0.000000
0.000170
0.000001
0.000001
0.000223
0.000001
0.000001
0.000000
0.008792
0.000004
0.000001
0.005915
0.000005
0.000000
0.009286
0.000704
0.000002
0.009267
0.000218
0.000001
0.000256
0.000432
0.008761
0.000004
0.000003
0.007359
0.000004
0.000001
0.000192
0.000001
0.000923
0.004783
0.000004
0.000000
0.001720
0.000005
0.000001
0.000321
0.000001
0.000000
0.000949
0.000003
0.000001
0.000001
0.000001
0.006194
0.000095
0.000004
0.000002
0.000002
0.000001
0.000001
0.000002
0.000001
0.000001
0.000001
0.000001
0.000001
0.000001
0.000001
0.000000
0.000001
0.000001
0.000000
0.000001
0.000007
0.000000
0.000001
0.000001
0.000000
0.000001
0.000001
0.000001
0.000001
0.000001
0.000001
0.006926
0.000015
0.000009
0.010578
0.000004
0.000001
0.020499
0.000060
0.000001
0.000001
0.000001
0.000000
0.000001
0.000000
0.000001
0.010623
0.000004
0.000000
0.000001
0.000294
0.000002
0.000757
0.000271
0.000002
0.000351
0.000002
0.000001
0.000001
0.000497
0.000252
0.000002
0.000366
0.003461
0.000003
0.000003
0.000224
0.000608
0.000002
0.000001
0.000471
0.000205
0.000002
0.000000
0.000174
0.000002
0.000377
0.000002
0.000001
0.000188
0.000002
0.000323
0.000001
0.000000
0.000296
0.000001
0.000001
0.000001
0.000000
0.000198
0.000002
0.000000
0.000765
0.000002
0.000187
0.000001
0.000240
0.009262
0.000003
0.000001
0.004957
0.000003
0.000000
0.019035
0.000571
0.000003
0.000000
0.000000
0.000001
0.015109
0.000003
0.002855
0.000005
0.000339
0.000498
0.000001
0.000390
0.000003
0.000001
0.000446
0.000003
0.000001
0.002207
0.000094
0.000002
0.000001
0.000001
0.000001
0.000000
0.000001
0.000000
0.020025
0.000010
0.000001
0.000001
0.000002
0.000001
0.000001
0.000001
0.000001
0.000717
0.000007
0.000001
0.000002
0.000001
0.000002
0.000000
0.000001
0.000000
0.000001
0.000001
0.000001
0.000000
0.000001
0.000001
0.000001
0.000001
0.000001
0.000001
0.000000
0.000001
0.000001
0.000000
0.000001
0.000001
0.000002
0.000001
0.000001
0.015863
0.000005
0.000001
0.000001
0.000003
0.000001
0.009362
0.000003
0.000001
0.006026
0.000004
0.000000
0.003951
0.003460
0.000004
0.000001
0.000348
0.000002
0.000000
0.000001
0.000001
0.000001
0.000218
0.000001
0.000001
0.000001
0.000001
0.000000
0.000000
0.002619
0.000343
0.000356
0.000001
0.000432
0.000337
0.000002
0.000000
0.000480
0.000002
0.000244
0.004474
0.000074
0.000003
0.000001
0.000000
0.000001
0.000001
0.000000
0.000001
0.000001
0.000001
0.000001
0.000415
0.000001
0.000000
0.000000
0.000000
0.000000
0.000151
0.000001
0.000000
0.000001
0.000852
0.001389
0.000431
0.000001
0.022112
0.000004
0.000001
0.000001
0.000001
0.000000
0.004350
0.000313
0.000001
0.008980
0.000005
0.010185
0.000003
0.000001
0.000001
0.000001
0.000001
0.000001
0.000000
0.000469
0.000002
0.000001
0.000001
0.000000
0.000154
0.000002
0.000366
0.000001
0.006175
0.000005
0.000001
0.000000
0.000001
0.000001
0.000001
0.000001
0.000001
0.000000
0.000000
0.000000
0.003712
0.000074
0.000002
0.000001
0.000001
0.000001
0.000000
0.000000
0.000002
0.000001
0.000001
0.000000
0.000001
0.000385
0.000002
0.000000
0.000001
0.006944
0.000004
0.000001
0.000001
0.000001
0.000001
0.000230
0.000003
0.012158
0.000004
0.000000
0.000548
0.000001
0.000478
0.004069
0.000005
0.000001
0.009165
0.000004
0.000001
0.018211
0.000003
0.000000
0.000001
0.009818
0.000003
0.000001
0.000325
0.000002
0.000408
0.000417
0.000002
0.000949
0.000004
0.000001
0.000479
0.000002
0.000001
0.000001
0.000000
0.000000
0.000001
0.000001
0.000001
0.000001
0.000170
0.000002
0.000000
0.000743
0.000001
0.000000
0.000000
0.000000
0.000000
0.000000
0.001065
0.000003
0.000002
0.000001
0.000000
0.000000
0.000414
0.000002
0.000001
0.000386
0.000001
0.000001
0.001095
0.000004
0.000001
0.000000
0.000000
0.000000
0.000001
0.007349
0.000004
0.000000
0.004391
0.000002
0.000000
0.002527
0.000005
0.000001
0.005456
0.000005
0.000003
0.023023
0.000004
0.000001
0.000000
0.008999
0.000005
0.000001
0.001685
0.000004
0.000001
0.000408
0.000003
0.000001
0.000754
0.000004
0.000514
0.000002
0.000001
0.000001
0.000001
0.000000
0.000923
0.000003
0.000001
0.000001
0.000000
0.000209
0.000154
0.000001
0.000003
0.000062
0.000001
0.000000
0.000000
0.000000
0.000000
0.000000
0.001139
0.000005
0.000001
0.000001
0.000217
0.000002
0.000000
0.000612
0.000002
0.000000
0.000001
0.000939
0.000003
0.000001
0.000001
0.000001
0.008136
0.000004
0.000001
0.000343
0.000002
0.000555
0.003822
0.000005
0.000002
0.004604
0.000004
0.000202
0.019648
0.000006
0.000001
0.000001
0.009632
0.000004
0.000001
0.441339
0.000003
0.055153
0.064395
0.000004
0.053898
0.000108
0.000066
0.000002
0.000001
0.000001
0.000001
0.000000
0.000001
0.000001
0.000003
0.000001
0.000001
0.000001
0.000001
0.000000
0.000001
0.000001
0.000001
0.000000
0.000001
0.000001
0.000001
0.000000
0.000001
0.000001
0.000001
0.000001
0.000000
0.000001
0.000000
0.000001
0.000001
0.000001
0.000001
0.000000
0.000001
0.000001
0.000001
0.000001
0.000000
0.000001
0.000000
0.000001
0.000000
0.000001
0.000001
0.000001
0.000001
0.000001
0.000001
0.000001
0.000001
0.000001
0.000001
0.000001
0.000001
0.000000
0.000001
0.000000
0.000001
0.059670
0.000004
0.000001
0.501664
0.054231
0.000004
0.000001
0.059589
0.000004
0.000001
0.059387
0.000005
0.000001
0.000001
0.057253
0.000004
0.000001
0.000002
0.000000
0.000001
0.054977
0.000003
0.000001
0.009055
0.000005
0.000000
0.000002
0.047434
0.000004
0.012149
0.000003
0.000001
0.001163
0.045281
0.000012
0.000008
0.000843
0.007872
0.000002
0.000001
0.045373
0.000004
0.000001
0.007110
0.000004
0.000001
0.002825
0.000004
0.000228
0.000426
0.045908
0.000004
0.000001
0.009338
0.000002
0.000915
0.000004
0.000001
0.000003
0.000739
0.000002
0.000001
0.043326
0.000005
0.000650
0.013538
0.000004
0.000001
0.000182
0.000907
0.000003
0.000001
0.000834
0.000002
0.000001
0.041742
0.000004
0.000000
0.011758
0.000004
0.000000
0.000000
0.006527
0.000003
0.000001
0.000000
0.000000
0.000001
0.000000
0.000000
0.036552
0.000019
0.012502
0.000004
0.000000
0.001234
0.000004
0.005668
0.000004
0.000000
0.000001
0.006302
0.000003
0.000001
0.000876
0.000004
0.033452
0.000003
0.007380
0.000004
0.006082
0.000004
0.000001
0.005293
0.000004
0.000000
0.000328
0.001045
0.000004
0.005025
0.000002
0.032661
0.000004
0.000000
0.000001
0.000000
0.013714
0.000004
0.000001
0.000000
0.004860
0.000003
0.000001
0.000000
0.004561
0.000004
0.000001
0.001109
0.000004
0.000001
0.030717
0.000080
0.000002
0.000001
0.000001
0.019295
0.000005
0.000001
0.000001
0.000001
0.000000
0.000001
0.000000
0.012054
0.000007
0.000001
0.000001
0.000007
0.007262
0.016985
0.000011
0.000002
0.000001
0.001901
0.000013
0.026743
0.000006
0.000001
0.000000
0.000429
0.000002
0.001083
0.000508
0.000002
0.008100
0.000004
0.000000
0.000001
0.000000
0.016517
0.000003
0.000003
0.000464
0.000003
0.000000
0.028939
0.000007
0.000001
0.000944
0.000005
0.000948
0.006880
0.000004
0.000001
0.000337
0.000293
0.000002
0.000437
0.000700
0.000003
0.004655
0.000011
0.000009
0.020825
0.000004
0.006826
0.000003
0.022899
0.000005
0.000000
0.000001
0.000001
0.000001
0.000000
0.000001
0.000000
0.000001
0.000001
0.005969
0.000004
0.000001
0.000000
0.000002
0.002982
0.000004
0.000000
0.000000
0.013363
0.000004
0.000000
0.034358
0.000004
0.000000
0.024025
0.000003
0.000000
0.000001
0.000001
0.000001
0.000000
0.000000
0.000000
0.000000
0.000001
0.000000
0.000000
0.016456
0.000003
0.000000
0.000000
0.000000
0.000000
0.000000
0.000112
0.000001
0.000088
0.019056
0.000005
0.000001
0.019068
0.000004
0.000001
0.006186
0.000004
0.000001
0.000001
0.000001
0.000001
0.000239
0.000001
0.000001
0.000328
0.012881
0.002596
0.000005
0.002976
0.000003
0.000001
0.000000
0.000050
0.000002
0.000001
0.000001
0.000000
0.012638
0.015780
0.000004
0.000000
0.010111
0.000003
0.000000
0.000001
0.000292
0.000002
0.000000
0.001990
0.000003
0.000001
0.004961
0.000004
0.000210
0.004941
0.006980
0.000004
0.000002
0.000001
0.000001
0.000000
0.000001
0.000001
0.003331
0.000004
0.000001
0.021834
0.000005
0.000163
0.000001
0.012047
0.000006
0.000001
0.000002
0.006517
0.000004
0.000000
0.000000
0.000001
0.000000
0.002001
0.000004
0.000562
0.006029
0.004735
0.000005
0.000001
0.000269
0.000002
0.000218
0.000002
0.000000
0.000375
0.002471
0.000002
0.000214
0.028076
0.000006
0.000004
0.000002
0.005039
0.000005
0.000005
0.006217
0.000034
0.000005
0.001202
0.000004
0.000001
0.005577
0.000011
0.000003
0.000004
0.005470
0.000009
0.000001
0.000000
0.000001
0.011713
0.000008
0.000002
0.004495
0.000003
0.000001
0.000000
0.000001
0.000000
0.000001
0.020581
0.000306
0.000003
0.010537
0.000005
0.000000
0.000000
0.000002
0.000001
0.000000
0.000001
0.000001
0.000000
0.005487
0.000018
0.000009
0.009111
0.000006
0.000003
0.000042
0.000002
0.000002
0.004116
0.000002
0.013528
0.000027
0.000004
0.000006
0.000003
0.000002
0.000004
0.000002
0.000001
0.016397
0.000004
0.000000
0.008453
0.000337
0.000002
0.000398
0.009747
0.000083
0.000003
0.000000
0.000001
0.000001
0.000001
0.000000
0.000001
0.000001
0.000000
0.000001
0.000001
0.000000
0.000000
0.012949
0.000003
0.000001
0.007083
0.000005
0.000003
0.004984
0.000005
0.000000
0.000001
0.000230
0.381649
0.000004
0.000001
0.000001
0.000001
0.000001
0.000001
0.000001
0.000000
0.000000
0.000001
0.000000
0.000001
0.000001
0.000001
0.000001
0.000001
0.000001
0.000000
0.000001
0.000001
0.000000
0.000001
0.000001
0.462653
0.055008
0.000004
0.000001
0.000001
0.000001
0.000001
0.000001
0.000001
0.000000
0.000001
0.000001
0.000001
0.000000
0.000001
0.000001
0.000000
0.058434
0.000004
0.000001
0.000000
0.054236
0.000005
0.000001
0.001165
0.000005
0.000001
0.003433
0.000003
0.000001
0.050553
0.005212
0.000007
0.000003
0.000001
0.000001
0.000001
0.000001
0.000000
0.000001
0.000001
0.000001
0.006102
0.000004
0.000000
0.002819
0.000005
0.045715
0.000003
0.000002
0.002848
0.000003
0.000001
0.000388
0.000001
0.000000
0.000982
0.000002
0.000001
0.000000
0.000001
0.000000
0.000451
0.000002
0.000001
0.001495
0.000005
0.000000
0.000001
0.011590
0.000003
0.000001
0.000000
0.000001
0.000001
0.041696
0.000003
0.000001
0.000001
0.000001
0.000001
0.000000
0.008760
0.000053
0.000001
0.000051
0.000001
0.000000
0.000000
0.000002
0.000000
0.000000
0.000000
0.000000
0.000000
0.000000
0.000000
0.000001
0.000001
0.000000
0.001915
0.000260
0.004441
0.000004
0.000001
0.043206
0.000004
0.000000
0.000000
0.000000
0.000001
0.000001
0.000001
0.000000
0.007614
0.000005
0.000000
0.006209
0.000015
0.000002
0.000002
0.000002
0.000004
0.001994
0.000609
0.000007
0.000001
0.000000
0.000001
0.000000
0.000001
0.000000
0.000000
0.000001
0.000001
0.000001
0.000000
0.039943
0.000004
0.000001
0.007044
0.000006
0.000001
0.000001
0.000001
0.000001
0.000001
0.001325
0.000004
0.000001
0.005316
0.000005
0.000001
0.001670
0.000003
0.003343
0.000005
0.000398
0.000003
0.004427
0.000079
0.000003
0.000001
0.000001
0.000001
0.000001
0.000001
0.000001
0.000001
0.000000
0.031428
0.000004
0.000006
0.003889
0.000005
0.000001
0.004463
0.000004
0.000167
0.000346
0.000001
0.000450
0.001308
0.000002
0.000000
0.001457
0.005677
0.000003
0.000001
0.000925
0.000004
0.003873
0.000004
0.000001
0.000234
0.000261
0.000002
0.000620
0.000005
0.001318
0.000003
0.000001
0.000001
0.000001
0.000000
0.030806
0.000004
0.000001
0.004925
0.000004
0.000001
0.005254
0.003168
0.000051
0.000002
0.000001
0.000000
0.000001
0.000001
0.000001
0.000000
0.002504
0.000005
0.000001
0.004655
0.000004
0.005473
0.000003
0.000736
0.000003
0.000001
0.000273
0.000001
0.000001
0.001073
0.000003
0.000001
0.000000
0.000000
0.000001
0.029864
0.000004
0.000001
0.000738
0.004196
0.000002
0.000001
0.004753
0.000003
0.002800
0.000004
0.000001
0.005455
0.000004
0.000001
0.000001
0.009872
0.000003
0.000001
0.000001
0.000001
0.000000
0.000000
0.000000
0.000000
0.000001
0.000866
0.000006
0.001149
0.000003
0.000001
0.000000
0.000001
0.001015
0.000003
0.000000
0.000001
0.000000
0.024325
0.000468
0.000002
0.000001
0.004424
0.000003
0.000000
0.018710
0.000002
0.000001
0.001018
0.004151
0.000002
0.000354
0.001660
0.000004
0.000001
0.003087
0.000070
0.000002
0.000001
0.000000
0.000001
0.000001
0.000001
0.000000
0.000001
0.002178
0.000004
0.000001
0.000000
0.000000
0.000001
0.000000
0.000450
0.000002
0.000002
0.018082
0.000004
0.000001
0.001085
0.000003
0.000000
0.005052
0.000002
0.000001
0.017279
0.000004
0.000001
0.005486
0.004275
0.000004
0.000001
0.001114
0.000003
0.003934
0.000615
0.000002
0.000681
0.000002
0.003193
0.000003
0.000000
0.000000
0.000000
0.000698
0.000005
0.000001
0.000000
0.000001
0.000001
0.000600
0.000001
0.000001
0.000001
0.000001
0.010098
0.000002
0.000369
0.000412
0.000002
0.003693
0.000003
0.000001
0.004494
0.000305
0.000002
0.016140
0.000004
0.004121
0.000003
0.006667
0.000003
0.000000
0.002883
0.004565
0.000003
0.000157
0.000370
0.000001
0.004902
0.000004
0.000310
0.000004
0.001185
0.000003
0.000000
0.000000
0.000748
0.000078
0.000001
0.000001
0.000000
0.000001
0.000001
0.000276
0.000002
0.003326
0.000012
0.000000
0.000676
0.011436
0.000003
0.003553
0.000003
0.000000
0.000001
0.000001
0.000001
0.008326
0.000003
0.010078
0.000004
0.002751
0.000004
0.000001
0.008756
0.000164
0.000001
0.005630
0.000225
0.000001
0.000367
0.000697
0.003149
0.000004
0.000306
0.000357
0.000001
0.000948
0.000041
0.000507
0.000064
0.000002
0.000001
0.000001
0.000001
0.000001
0.000000
0.000001
0.000000
0.000001
0.000000
0.009682
0.000004
0.000001
0.003459
0.000002
0.000714
0.000366
0.000003
0.006633
0.000004
0.001435
0.000005
0.009507
0.000110
0.000001
0.004703
0.007700
0.000003
0.001337
0.002568
0.000003
0.000180
0.011710
0.000003
0.000001
0.000001
0.000000
0.000000
0.000000
0.000262
0.000001
0.000001
0.000634
0.000001
0.000908
0.000003
0.000001
0.000001
0.001411
0.000003
0.000001
0.000001
0.000000
0.000000
0.000000
0.002692
0.000003
0.000001
0.003013
0.000003
0.000000
0.000415
0.008858
0.000004
0.005132
0.002733
0.000003
0.000000
0.005188
0.000003
0.009855
0.000004
0.000001
0.000001
0.016296
0.000003
0.000000
0.001380
0.000003
0.000000
0.002291
0.000003
0.000001
0.003080
0.000003
0.000001
0.000000
0.000001
0.000001
0.000000
0.006580
0.000005
0.000001
0.000001
0.001536
0.000044
0.000002
0.000000
0.000000
0.000000
0.000000
0.000000
0.000000
0.000000
0.000000
0.000000
0.000000
0.000000
0.000000
0.007737
0.000004
0.000001
0.001641
0.000002
0.000000
0.017795
0.000004
0.000001
0.000000
0.012036
0.000004
0.000001
0.004217
0.001077
0.000004
0.000001
0.004232
0.000004
0.003486
0.000081
0.000003
0.000001
0.000001
0.000001
0.000001
0.000001
0.000000
0.000000
0.003255
0.000005
0.000000
0.001473
0.004617
0.000052
0.000001
0.000001
0.000000
0.000000
0.000000
0.000001
0.000000
0.000001
0.000001
0.000001
0.000001
0.002904
0.000004
0.000000
0.000428
0.000004
0.000001
0.000355
0.016188
0.000004
0.000001
0.000676
0.000002
0.011727
0.000005
0.000001
0.007405
0.001423
0.001808
0.000005
0.006530
0.000077
0.000002
0.000001
0.000001
0.000001
0.000000
0.000001
0.000001
0.000281
0.000002
0.002510
0.000002
0.000835
0.000004
0.000000
0.004182
0.000004
0.000001
0.002342
0.000110
0.000002
0.000001
0.000750
0.000002
0.000001
0.000639
0.000002
0.000000
0.000001
0.006868
0.000015
0.003636
0.000002
0.000001
0.000001
0.002129
0.000002
0.000000
0.001118
0.012105
0.000002
0.000001
0.000695
0.000004
0.016964
0.000004
0.000001
0.001530
0.000003
0.000001
0.000192
0.000463
0.000417
0.000002
0.000001
0.000630
0.000001
0.000000
0.000000
0.000000
0.000001
0.001925
0.000004
0.000387
0.001115
0.003730
0.000005
0.000001
0.000001
0.000001
0.014911
0.000006
0.000001
0.000514
0.000002
0.000001
0.002648
0.000003
0.000000
0.000001
0.000000
0.000970
0.000002
0.001244
0.002265
0.000005
0.000001
0.000001
0.000000
0.000001
0.006645
0.000003
0.000000
0.002641
0.013558
0.000002
0.000001
0.003473
0.000003
0.000206
0.000341
0.000002
0.000000
0.001909
0.000004
0.000001
0.009829
0.000004
0.000001
0.000000
0.000079
0.000059
0.000002
0.000001
0.000001
0.000001
0.000000
0.000359
0.000002
0.000001
0.000001
0.010687
0.000157
0.000002
0.000929
0.005383
0.000002
0.003698
0.000004
0.000000
0.000001
0.000001
0.000114
0.000001
0.000057
0.000001
0.000001
0.000000
0.000001
0.000001
0.000000
0.002862
0.000002
0.000000
0.014351
0.000006
0.000003
0.000001
0.012541
0.000018
0.000002
0.004320
0.000019
0.000005
0.000003
0.000025
0.000008
0.000005
0.000004
0.002817
0.005510
0.000013
0.000001
0.000005
0.000002
0.000001
0.000002
0.000002
0.000001
0.000002
0.000001
0.000003
0.000002
0.000002
0.008029
0.000003
0.005238
0.000004
0.000001
0.000644
0.000442
0.000003
0.000328
0.000483
0.000002
0.000001
0.000806
0.000001
0.000001
0.000194
0.000001
0.000001
0.000364
0.000001
0.000612
0.000425
0.000001
0.015384
0.000003
0.000000
0.000003
0.004961
0.000492
0.000002
0.009928
0.000004
0.000001
0.000294
0.001030
0.000004
0.000001
0.004725
0.000003
0.000001
0.000001
0.000000
0.000001
0.000568
0.000003
0.000001
0.000001
0.003590
0.000004
0.000000
0.000001
0.000001
0.000000
0.012549
0.000004
0.000001
0.000001
0.000001
0.000004
0.000362
0.000002
0.000000
0.000279
0.000001
0.000000
0.000001
0.000334
0.015272
0.000003
0.000001
0.000140
0.000001
0.000375
0.000338
0.000001
0.000000
0.000321
0.000000
0.000000
0.001022
0.001392
0.000002
0.007269
0.000003
0.000000
0.005626
0.000153
0.000001
0.005129
0.004998
0.000003
0.000233
0.003007
0.000003
0.000000
0.000298
0.000001
0.000001
0.000403
0.000001
0.000000
0.000000
0.000001
0.000000
0.000000
0.000197
0.000003
0.000000
0.008135
0.000003
0.000001
0.001508
0.000002
0.011387
0.000003
0.000000
0.000001
0.000000
0.000001
0.000000
0.004688
0.000502
0.000002
0.001486
0.000004
0.000001
0.000367
0.000002
0.000001
0.000001
0.000003
0.000000
0.011730
0.000209
0.004913
0.000011
0.000001
0.000000
0.000001
0.000001
0.000001
0.000000
0.000000
0.008355
0.000004
0.000001
0.000266
0.000491
0.000002
0.000002
0.000474
0.000002
0.000000
0.000402
0.000002
0.000001
0.003107
0.000002
0.018498
0.000004
0.000002
0.000293
0.000002
0.000309
0.000002
0.000001
0.000889
0.000004
0.000000
0.005000
0.000005
0.000000
0.000001
0.000003
0.000001
0.000459
0.000002
0.000002
0.000000
0.000001
0.009334
0.000003
0.000000
0.000001
0.000001
0.000001
0.000000
0.000000
0.006583
0.000004
0.000001
0.000001
0.000001
0.003726
0.000003
0.000001
0.000001
0.000000
0.000000
0.012065
0.000085
0.000071
0.000003
0.000001
0.000001
0.000001
0.000001
0.000001
0.000001
0.000000
0.000001
0.023688
0.000005
0.000000
0.000166
0.000476
0.000003
0.001079
0.000002
0.000001
0.000618
0.000004
0.000002
0.002276
0.000003
0.000001
0.003489
0.000074
0.000002
0.000000
0.000001
0.000002
0.000000
0.000001
0.000001
0.000001
0.002906
0.000015
0.000002
0.000631
0.000060
0.000002
0.000000
0.000001
0.000000
0.000001
0.000000
0.000001
0.007311
0.000004
0.000001
0.000000
0.003097
0.000004
0.000001
0.014129
0.000003
0.004352
0.000005
0.000001
0.000001
0.000001
0.000000
0.000001
0.000001
0.000000
0.000715
0.000193
0.000325
0.000002
0.014846
0.000003
0.000001
0.002406
0.000021
0.000002
0.001248
0.000007
0.000001
0.000598
0.000002
0.000000
0.000963
0.000004
0.003516
0.000004
0.000193
0.000002
0.000001
0.000343
0.002708
0.000003
0.000002
0.000407
0.000002
0.000000
0.000444
0.000002
0.000001
0.000422
0.001021
0.000003
0.005507
0.000004
0.000001
0.011658
0.000003
0.000001
0.000000
0.000001
0.000001
0.000001
0.000000
0.000000
0.000000
0.007447
0.000070
0.000001
0.000000
0.000001
0.000001
0.000001
0.000001
0.017473
0.000005
0.000001
0.000425
0.000001
0.001021
0.000003
0.000001
0.000001
0.000001
0.000001
0.005405
0.000005
0.000001
0.000002
0.000001
0.000001
0.000000
0.002929
0.000004
0.000001
0.000541
0.000516
0.000004
0.000001
0.000221
0.000591
0.000001
0.003601
0.000529
0.000148
0.000149
0.000001
0.001072
0.012214
0.000005
0.000001
0.004047
0.000004
0.000001
0.000000
0.000000
0.000000
0.000000
0.000000
0.000000
0.004595
0.000477
0.000002
0.000336
0.000001
0.000316
0.000002
0.000000
0.000492
0.000002
0.000001
0.017493
0.000004
0.000001
0.000793
0.000003
0.000340
0.000236
0.000001
0.000384
0.000274
0.000002
0.000000
0.000734
0.000002
0.000000
0.000000
0.001542
0.000004
0.000001
0.000001
0.000001
0.002821
0.003013
0.000010
0.000001
0.000001
0.000001
0.000001
0.007288
0.000062
0.000002
0.000001
0.000000
0.000001
0.000000
0.000000
0.000001
0.000000
0.014940
0.000004
0.000296
0.000714
0.000004
0.000229
0.004118
0.000004
0.000990
0.000004
0.000242
0.000001
0.000001
0.003759
0.000004
0.000000
0.000000
0.000001
0.040191
0.000004
0.000000
0.000362
0.000139
0.000970
0.000004
0.000001
0.000003
0.000001
0.001232
0.002454
0.000004
0.000001
0.000361
0.000001
0.000001
0.000496
0.000002
0.000001
0.008785
0.000155
0.000087
0.000053
0.000001
0.000001
0.000001
0.000001
0.000001
0.000001
0.000001
0.000001
0.000001
0.000001
0.000001
0.000001
0.000001
0.000000
0.000000
0.000000
0.000003
0.000000
0.000000
0.000001
0.000001
0.000001
0.000001
0.004573
0.000053
0.000001
0.000001
0.000001
0.000001
0.000001
0.000000
0.034511
0.000004
0.000001
0.001653
0.000004
0.000000
0.000001
0.000000
0.000000
0.000000
0.000001
0.000001
0.000326
0.002871
0.000002
0.000001
0.001399
0.000004
0.000001
0.002915
0.000902
0.000004
0.000001
0.011602
0.000003
0.000000
0.000003
0.000001
0.000001
0.000313
0.000002
0.000001
0.000464
0.000002
0.000001
0.000621
0.000003
0.000001
0.000001
0.001111
0.000002
0.000000
0.000000
0.000002
0.000001
0.000859
0.000002
0.001003
0.000004
0.000000
0.000508
0.000001
0.000001
0.001417
0.000004
0.000001
0.000000
0.000000
0.000371
0.000000
0.031505
0.000068
0.000002
0.000065
0.000002
0.000001
0.000001
0.000001
0.000001
0.000000
0.000001
0.000001
0.000000
0.000052
0.000001
0.000000
0.000002
0.000403
0.000002
0.004103
0.000344
0.000002
0.000000
0.004308
0.000004
0.000001
0.000301
0.010452
0.000002
0.000001
0.010640
0.000007
0.000002
0.000001
0.000002
0.000002
0.000001
0.000001
0.000001
0.000002
0.000002
0.000001
0.000001
0.000002
0.000001
0.000002
0.000000
0.000001
0.000001
0.000001
0.000001
0.000003
0.000001
0.000001
0.000002
0.000001
0.000001
0.000001
0.000003
0.000001
0.000001
0.000001
0.000001
0.000001
0.000296
0.028528
0.000142
0.000053
0.000002
0.000002
0.000001
0.000001
0.000001
0.000001
0.000001
0.003877
0.000004
0.000001
0.000001
0.000001
0.000001
0.000000
0.000001
0.000001
0.000001
0.000000
0.000001
0.000001
0.000000
0.003928
0.000395
0.000003
0.000000
0.012362
0.000462
0.000001
0.009789
0.000070
0.000002
0.000001
0.000001
0.000001
0.000000
0.000000
0.000001
0.000001
0.000001
0.000001
0.000001
0.000001
0.000604
0.000002
0.000000
0.000354
0.000001
0.000001
0.000187
0.000422
0.000002
0.000001
0.000000
0.000853
0.000002
0.000001
0.000000
0.000000
0.000001
0.000131
0.000452
0.000001
0.000001
0.026417
0.000004
0.000000
0.000284
0.000001
0.000000
0.003046
0.000456
0.000071
0.000002
0.000001
0.000001
0.000001
0.000000
0.000001
0.000001
0.000001
0.000000
0.000001
0.000001
0.000001
0.000000
0.000001
0.000002
0.000000
0.006982
0.000003
0.004474
0.000003
0.000640
0.009121
0.000004
0.000001
0.000406
0.000001
0.000382
0.000001
0.000000
0.000483
0.000002
0.000442
0.000001
0.002170
0.000293
0.000001
0.000334
0.000393
0.000002
0.000422
0.000002
0.000001
0.000707
0.001038
0.000004
0.000000
0.000001
0.000001
0.004632
0.000005
0.000001
0.000000
0.000001
0.000000
0.000001
0.000000
0.017016
0.000006
0.000429
0.005812
0.000003
0.000002
0.001723
0.000004
0.000001
0.000290
0.000001
0.000258
0.013846
0.000004
0.000000
0.000001
0.000001
0.000001
0.000001
0.000001
0.000000
0.000001
0.000001
0.000001
0.000000
0.507370
0.056748
0.000016
0.054393
0.056435
0.000004
0.000000
0.000004
0.000000
0.000001
0.000000
0.000000
0.000001
0.000001
0.000000
0.000001
0.000001
0.000001
0.000001
0.000001
0.000001
0.000001
0.000001
0.000001
0.000000
0.000000
0.000000
0.000000
0.000000
0.000000
0.000001
0.000001
0.000001
0.000001
0.000001
0.000000
0.000000
0.000000
0.000000
0.000000
0.000001
0.000000
0.000001
0.000001
0.000000
0.000000
0.000000
0.000001
0.000001
0.000000
0.000001
0.000001
0.000001
0.000001
0.000001
0.000001
0.000001
0.000001
0.000001
0.000001
0.000001
0.000000
0.000000
0.000000
0.000000
0.000000
0.142172
0.000005
0.000000
0.000001
0.000001
0.054323
0.000004
0.000395
0.000001
0.000001
0.000000
0.004220
0.000004
0.000000
0.000000
0.000003
0.001344
0.052901
0.000004
0.000001
0.000000
0.000000
0.000000
0.000000
0.000000
0.000000
0.000001
0.000001
0.000001
0.005963
0.000007
0.000002
0.000002
0.000001
0.000001
0.000001
0.002750
0.048390
0.000009
0.000001
0.000002
0.000001
0.000001
0.003099
0.000005
0.000001
0.000906
0.000007
0.000002
0.000001
0.000001
0.000000
0.000001
0.000982
0.000003
0.000001
0.000001
0.000001
0.000000
0.002311
0.000003
0.000003
0.000001
0.000001
0.000001
0.000360
0.000452
0.000002
0.000001
0.000000
0.000000
0.001451
0.000004
0.000001
0.000001
0.000000
0.046177
0.000002
0.000106
0.000002
0.000001
0.000000
0.000978
0.000003
0.000001
0.000001
0.000001
0.000000
0.006552
0.002711
0.000103
0.000052
0.000002
0.000001
0.000001
0.000001
0.000000
0.000001
0.000000
0.000001
0.000001
0.000001
0.000000
0.000000
0.000000
0.000001
0.000001
0.000001
0.000003
0.000000
0.000000
0.000854
0.000004
0.000000
0.000001
0.000001
0.000001
0.000001
0.000001
0.000837
0.000005
0.000000
0.000001
0.000001
0.000191
0.000001
0.000000
0.000000
0.000000
0.001557
0.000005
0.000001
0.000000
0.002747
0.000003
0.037164
0.000004
0.000000
0.007492
0.000003
0.000000
0.000001
0.000001
0.002389
0.000003
0.000001
0.004948
0.000004
0.000001
0.000001
0.000005
0.000001
0.002887
0.000815
0.000002
0.000001
0.000301
0.000002
0.001642
0.000004
0.000001
0.000001
0.000000
0.000002
0.000755
0.000003
0.000001
0.000003
0.000001
0.000000
0.000001
0.001731
0.000062
0.000002
0.000000
0.000001
0.000000
0.000001
0.000001
0.000001
0.000001
0.000001
0.000001
0.000001
0.000001
0.000000
0.000001
0.000001
0.002805
0.000003
0.000001
0.000001
0.000001
0.000001
0.037204
0.000058
0.000005
0.000005
0.007877
0.000004
0.000001
0.000001
0.000001
0.000001
0.000002
0.000001
0.001442
0.008102
0.000003
0.000001
0.000001
0.000000
0.000001
0.000001
0.000001
0.000001
0.010530
0.000013
0.000002
0.000002
0.000004
0.000001
0.000001
0.000001
0.000016
0.000002
0.000002
0.000001
0.000003
0.000002
0.000001
0.000000
0.000002
0.000002
0.000001
0.000001
0.000002
0.000001
0.000001
0.000001
0.000001
0.000010
0.000002
0.000001
0.000004
0.000001
0.000000
0.000001
0.000000
0.000000
0.000001
0.000000
0.000000
0.000001
0.000000
0.024214
0.000004
0.000216
0.005481
0.000003
0.004575
0.000417
0.000640
0.000003
0.000001
0.000000
0.000000
0.001212
0.002057
0.000002
0.001445
0.000004
0.000001
0.000002
0.003227
0.000190
0.000002
0.004588
0.007099
0.000004
0.000001
0.000070
0.000002
0.000000
0.000001
0.000000
0.000725
0.000256
0.000002
0.000001
0.000001
0.000000
0.000001
0.000001
0.000000
0.000001
0.000001
0.000914
0.000047
0.000001
0.000000
0.000000
0.000000
0.000000
0.000000
0.000000
0.000000
0.000000
0.000000
0.000001
0.001166
0.000004
0.000000
0.002201
0.000003
0.000000
0.000000
0.000000
0.018340
0.000004
0.000000
0.005170
0.010083
0.000003
0.000001
0.000001
0.000002
0.000001
0.000001
0.000000
0.000001
0.000864
0.000004
0.000000
0.000000
0.000002
0.000001
0.003857
0.000487
0.000001
0.003559
0.005902
0.000004
0.000001
0.005301
0.000004
0.001045
0.004000
0.000003
0.000001
0.000000
0.000002
0.001377
0.000041
0.000002
0.000002
0.000001
0.000000
0.000000
0.000203
0.000071
0.000002
0.000000
0.000487
0.000082
0.000002
0.000004
0.000235
0.000001
0.000000
0.000001
0.000001
0.000001
0.000001
0.000001
0.000001
0.000001
0.000000
0.000000
0.000000
0.000000
0.000000
0.010386
0.000015
0.000001
0.007557
0.009458
0.000004
0.000001
0.001154
0.000003
0.003258
0.000169
0.001046
0.000003
0.000001
0.000002
0.000002
0.000001
0.000966
0.000002
0.003236
0.000020
0.000014
0.000867
0.331764
0.000011
0.056836
0.000003
0.000001
0.000000
0.000001
0.000001
0.000001
0.000000
0.000001
0.000001
0.000001
0.000002
0.000001
0.000000
0.000001
0.000001
0.000000
0.000001
0.000001
0.000001
0.000000
0.000001
0.000001
0.000000
0.000001
0.000001
0.000001
0.000002
0.000001
0.000000
0.000001
0.000001
0.000000
0.000000
0.000001
0.000001
0.000000
0.000001
0.000001
0.000001
0.000000
0.000001
0.000001
0.000000
0.000001
0.000000
0.000001
0.000001
0.000000
0.000001
0.000001
0.000000
0.000001
0.000001
0.000000
0.000001
0.000001
0.000000
0.000001
0.000001
0.000001
0.000000
0.000001
0.000001
0.066956
0.000004
0.000001
0.000001
0.000001
0.056678
0.001361
0.000875
0.000010
0.000001
0.000003
0.000002
0.000002
0.000002
0.050479
0.000012
0.000191
0.000211
0.000002
0.000001
0.006535
0.000005
0.000000
0.001245
0.000004
0.000000
0.000000
0.000449
0.000002
0.000001
0.000146
0.047964
0.000002
0.000000
0.000000
0.000000
0.000001
0.000000
0.000000
0.000000
0.003364
0.000004
0.000166
0.000367
0.000002
0.000596
0.003311
0.000005
0.000001
0.000979
0.000005
0.000001
0.005531
0.000087
0.000002
0.000001
0.000002
0.000001
0.000000
0.000001
0.000001
0.000000
0.000000
0.000001
0.000001
0.040379
0.000282
0.000002
0.000265
0.000256
0.000003
0.004422
0.000266
0.002024
0.000004
0.000001
0.000001
0.000001
0.000001
0.000001
0.000001
0.000001
0.000304
0.000002
0.000470
0.000002
0.000001
0.000000
0.000001
0.001440
0.000004
0.000000
0.000000
0.000001
0.000001
0.005854
0.000004
0.000001
0.000001
0.000001
0.000000
0.000000
0.001494
0.000003
0.000001
0.000576
0.000001
0.004674
0.000075
0.000002
0.000001
0.000000
0.000001
0.000000
0.000001
0.000775
0.000004
0.032100
0.000003
0.000000
0.000253
0.006447
0.000003
0.000001
0.000001
0.000000
0.003302
0.000456
0.000002
0.000000
0.001052
0.000004
0.000001
0.000966
0.000003
0.000000
0.000001
0.000001
0.000000
0.003362
0.000005
0.000001
0.000001
0.000001
0.000000
0.000163
0.000954
0.000004
0.001225
0.000003
0.000001
0.001849
0.000005
0.003028
0.000002
0.000001
0.000001
0.000000
0.000001
0.003463
0.000004
0.000001
0.000986
0.000002
0.000001
0.000001
0.000001
0.007402
0.000004
0.019679
0.000005
0.000001
0.006585
0.000005
0.000000
0.000001
0.000001
0.000149
0.003934
0.000002
0.004222
0.000846
0.000004
0.000001
0.000001
0.005999
0.000005
0.000001
0.000000
0.000001
0.000482
0.000812
0.000004
0.000001
0.000000
0.000001
0.000000
0.002184
0.000003
0.000000
0.000001
0.000000
0.000000
0.000000
0.001572
0.000003
0.000001
0.000001
0.000001
0.000000
0.000379
0.003481
0.000002
0.000001
0.000000
0.000001
0.005010
0.000406
0.000004
0.000001
0.000002
0.000001
0.000961
0.000003
0.016896
0.000004
0.000003
0.008875
0.000003
0.000001
0.000229
0.000002
0.004680
0.000206
0.000002
0.001124
0.003967
0.000004
0.000000
0.000001
0.009310
0.000084
0.000002
0.000001
0.000000
0.000001
0.000001
0.000000
0.000001
0.000001
0.000000
0.000001
0.002652
0.000056
0.000002
0.000000
0.000001
0.000000
0.000001
0.000001
0.000001
0.000000
0.000001
0.000001
0.001103
0.000964
0.000408
0.000003
0.000444
0.000631
0.000003
0.002087
0.001459
0.000003
0.000252
0.000002
0.000000
0.000662
0.000508
0.000294
0.000002
0.016561
0.000004
0.000000
0.006263
0.000221
0.000001
0.000291
0.004917
0.000004
0.000003
0.005147
0.000023
0.000001
0.000261
0.000296
0.000002
0.011307
0.000004
0.000001
0.006587
0.000004
0.000001
0.000199
0.000001
0.000000
0.002378
0.000002
0.000287
0.000002
0.000001
0.000000
0.000001
0.000000
0.000512
0.000005
0.000000
0.000001
0.000002
0.001279
0.000270
0.000050
0.000001
0.000000
0.000000
0.000000
0.000001
0.000001
0.000001
0.000001
0.000000
0.000001
0.000001
0.000001
0.000001
0.000003
0.000001
0.000001
0.015999
0.000002
0.000000
0.006560
0.000005
0.000001
0.000001
0.003471
0.000111
0.000001
0.007539
0.000003
0.000000
0.000001
0.001813
0.000003
0.007573
0.000003
0.000000
0.008374
0.000022
0.003191
0.000005
0.000382
0.003911
0.000307
0.000076
0.000004
0.000000
0.000003
0.000001
0.000001
0.000001
0.000002
0.000002
0.000001
0.000001
0.000001
0.000001
0.000001
0.000008
0.000001
0.000001
0.002125
0.000004
0.000001
0.000001
0.000001
0.000000
0.000000
0.000001
0.000001
0.000001
0.000000
0.000000
0.000000
0.000001
0.007106
0.000004
0.004552
0.000004
0.006368
0.000014
0.000002
0.000002
0.004512
0.000003
0.000439
0.003779
0.000004
0.000003
0.000941
0.000003
0.008358
0.000002
0.000000
0.000000
0.007395
0.002868
0.000003
0.002202
0.000003
0.000000
0.006448
0.000005
0.000000
0.002820
0.000289
0.000426
0.000002
0.000725
0.000002
0.000000
0.001427
0.000004
0.000001
0.000001
0.000001
0.000000
0.000001
0.000001
0.000000
0.000001
0.003097
0.000052
0.000001
0.000000
0.000002
0.000002
0.000001
0.000001
0.000002
0.000001
0.000000
0.000000
0.000169
0.000001
0.000168
0.000001
0.000001
0.013114
0.000023
0.000016
0.000014
0.000012
0.003250
0.000003
0.000000
0.000901
0.002639
0.000004
0.001409
0.005828
0.000003
0.000000
0.001214
0.000002
0.010163
0.000003
0.000000
0.006205
0.000006
0.002568
0.000015
0.000001
0.005159
0.000003
0.000001
0.000001
0.000001
0.001333
0.000003
0.000001
0.006467
0.000061
0.000002
0.000001
0.000001
0.000001
0.000001
0.000001
0.000001
0.000001
0.000001
0.000001
0.000001
0.000001
0.000001
0.004230
0.000056
0.000002
0.000001
0.000001
0.000001
0.000001
0.000001
0.000001
0.000000
0.000000
0.000000
0.011110
0.000002
0.000001
0.000327
0.002785
0.000002
0.001933
0.005887
0.000003
0.000001
0.000002
0.000001
0.000001
0.000001
0.000000
0.000001
0.001468
0.000003
0.006528
0.000007
0.000001
0.023742
0.000003
0.000000
0.000001
0.000001
0.000001
0.000000
0.000000
0.000150
0.000000
0.000459
0.000084
0.000051
0.000002
0.000000
0.000000
0.000001
0.000001
0.000001
0.000001
0.001170
0.000003
0.000001
0.000001
0.000001
0.000001
0.000001
0.000001
0.000001
0.003650
0.000066
0.000002
0.000001
0.000002
0.000000
0.000001
0.000001
0.000002
0.000001
0.000001
0.000001
0.000001
0.006752
0.000006
0.000001
0.007548
0.000004
0.000000
0.000001
0.001927
0.000003
0.000001
0.000251
0.004220
0.000002
0.001312
0.000005
0.000001
0.000604
0.002639
0.000004
0.000602
0.024146
0.000004
0.000001
0.005708
0.000241
0.000002
0.005577
0.000003
0.000001
0.000001
0.000001
0.000001
0.000001
0.000000
0.000001
0.000001
0.000001
0.000001
0.000001
0.000001
0.000001
0.000000
0.000001
0.000003
0.000001
0.000001
0.000001
0.000001
0.000001
0.003052
0.000205
0.000091
0.000002
0.000062
0.000002
0.000001
0.000000
0.000001
0.000000
0.000000
0.000000
0.000001
0.000000
0.000000
0.000001
0.000002
0.000001
0.002699
0.001061
0.000003
0.004483
0.000008
0.028772
0.000002
0.000001
0.000001
0.000001
0.000001
0.000001
0.000001
0.000001
0.000001
0.000001
0.000001
0.002645
0.000003
0.000001
0.006635
0.000003
0.000001
0.004064
0.000004
0.000003
0.003578
0.000002
0.000001
0.000952
0.000003
0.000001
0.000000
0.001509
0.000003
0.000001
0.000000
0.000000
0.000000
0.000422
0.000002
0.000001
0.000205
0.000002
0.000001
0.005284
0.000003
0.000001
0.000000
0.000360
0.000002
0.000001
0.000108
0.000001
0.001261
0.000003
0.000001
0.000000
0.000001
0.000001
0.000000
0.000001
0.000812
0.000001
0.000001
0.000001
0.000001
0.000268
0.000001
0.000000
0.000532
0.000929
0.000002
0.000000
0.016960
0.000005
0.000053
0.000002
0.000000
0.000000
0.000001
0.000001
0.010386
0.000004
0.009382
0.000004
0.000000
0.001665
0.000003
0.000001
0.006827
0.000004
0.000001
0.002445
0.000005
0.000001
0.000602
0.000272
0.000001
0.000001
0.000883
0.000006
0.000001
0.000001
0.000001
0.000356
0.000002
0.000000
0.000001
0.000223
0.002564
0.000004
0.002623
0.000003
0.000001
0.000000
0.000000
0.000001
0.000001
0.000157
0.000001
0.000001
0.009327
0.000175
0.000090
0.000056
0.000002
0.000001
0.000001
0.000001
0.000000
0.000000
0.000000
0.000000
0.000000
0.000000
0.000000
0.000000
0.000000
0.009129
0.000004
0.000002
0.003873
0.000004
0.000109
0.003495
0.000004
0.001094
0.000004
0.000001
0.008072
0.000006
0.000001
0.004243
0.000005
0.000001
0.004372
0.000004
0.000001
0.006052
0.000381
0.000002
0.000428
0.000483
0.000002
0.000001
0.000985
0.000004
0.000001
0.000001
0.000001
0.000000
0.000000
0.000552
0.000002
0.000001
0.001701
0.000276
0.000002
0.000001
0.000454
0.000004
0.000001
0.000000
0.000000
0.000651
0.000001
0.000000
0.007565
0.000010
0.015539
0.000011
0.000001
0.000000
0.000000
0.000002
0.000001
0.000001
0.000001
0.000001
0.000001
0.000001
0.000001
0.000000
0.000001
0.000001
0.000001
0.000000
0.004673
0.000003
0.000001
0.000000
0.000001
0.002569
0.000004
0.006257
0.000004
0.000001
0.003475
0.000003
0.000000
0.005543
0.000004
0.000002
0.016151
0.000003
0.000001
0.000001
0.000000
0.000000
0.000002
0.000001
0.000001
0.000001
0.000001
0.000001
0.000001
0.000001
0.000000
0.000001
0.000001
0.000000
0.000002
0.000001
0.000001
0.000000
0.000001
0.000001
0.000000
0.000000
0.000001
0.000001
0.000001
0.001073
0.000005
0.000002
0.013043
0.000143
0.000001
0.000603
0.000430
0.000001
0.000000
0.003461
0.000003
0.000000
0.000001
0.000001
0.000331
0.000002
0.000515
0.000003
0.000001
0.005134
0.000012
0.000000
0.000001
0.000000
0.000001
0.000001
0.000000
0.005179
0.000009
0.000001
0.002998
0.000258
0.000002
0.005499
0.000158
0.000001
0.008100
0.000004
0.000001
0.000147
0.000238
0.007065
0.000004
0.000001
0.000000
0.000001
0.000246
0.000196
0.000002
0.000001
0.002047
0.000003
0.000000
0.000000
0.000001
0.001977
0.000003
0.000001
0.000000
0.000001
0.000559
0.000002
0.000001
0.000001
0.000000
0.000001
0.000000
0.000001
0.017467
0.000004
0.000001
0.000000
0.000001
0.000001
0.000000
0.000000
0.000416
0.000002
0.000000
0.000301
0.000001
0.000001
0.000001
0.001138
0.000001
0.003235
0.000276
0.000002
0.000465
0.000747
0.000002
0.000219
0.000001
0.003470
0.000005
0.009025
0.000003
0.000001
0.000184
0.000001
0.000902
0.005450
0.000003
0.000000
0.000487
0.000003
0.000249
0.007824
0.000003
0.000001
0.000486
0.000309
0.000002
0.000327
0.000002
0.000000
0.000437
0.000001
0.000001
0.004523
0.000004
0.004296
0.000059
0.000045
0.000001
0.000047
0.000001
0.000000
0.000000
0.000001
0.000001
0.000001
0.000001
0.009406
0.000004
0.000000
0.005777
0.000229
0.000002
0.000242
0.000002
0.000001
0.000610
0.000002
0.000001
0.000510
0.000003
0.000001
0.000001
0.000477
0.003255
0.000004
0.000000
0.000419
0.000002
0.000389
0.000003
0.000000
0.001026
0.000004
0.000001
0.006469
0.000002
0.000000
0.005713
0.000004
0.000001
0.003052
0.000363
0.000001
0.000257
0.000525
0.000002
0.006502
0.004685
0.000072
0.000002
0.000000
0.000001
0.000001
0.000001
0.000001
0.000001
0.000000
0.005427
0.000005
0.000001
0.002936
0.000074
0.000002
0.000001
0.000001
0.000001
0.000001
0.000001
0.000001
0.001734
0.000004
0.000001
0.005586
0.000004
0.000000
0.004598
0.007883
0.000000
0.000000
0.000000
0.000000
0.000000
0.000001
0.000000
0.000000
0.000000
0.000000
0.000000
0.000000
0.000000
0.000000
0.000000
0.000000
0.000000
0.000000
0.000000
0.000000
0.002026
0.000008
0.000004
0.004475
0.002123
0.002670
0.000007
0.000363
0.004423
0.000000
0.000135
0.000259
0.000002
0.000892
0.008322
0.000010
0.000006
0.000387
0.000327
0.000001
0.000513
0.000001
0.000001
0.000145
0.000463
0.000001
0.005870
0.000839
0.000001
0.000001
0.000524
0.000002
0.000000
0.000701
0.000002
0.000001
0.001077
0.002065
0.000003
0.000001
0.005352
0.000003
0.000964
0.009404
0.000003
0.000001
0.000001
0.000182
0.000002
0.000452
0.000002
0.000001
0.003723
0.000103
0.000065
0.000002
0.000000
0.000001
0.000000
0.000001
0.000000
0.000001
0.000001
0.000000
0.000001
0.000001
0.000001
0.000000
0.004174
0.000003
0.000313
0.005024
0.000004
0.000002
0.007494
0.000004
0.000001
0.000001
0.000001
0.000000
0.010061
0.000003
0.000001
0.000249
0.002332
0.000003
0.000000
0.000001
0.000000
0.000001
0.000000
0.004859
0.000004
0.000002
0.000001
0.000001
0.000001
0.000001
0.000001
0.000000
0.000000
0.000001
0.000001
0.001522
0.006255
0.000003
0.001584
0.000120
0.000001
0.005968
0.000345
0.005641
0.000003
0.000000
0.000226
0.000002
0.000708
0.000002
0.000000
0.000219
0.000001
0.000001
0.000571
0.000002
0.000001
0.000001
0.000137
0.000001
0.000000
0.000832
0.000001
0.000001
0.000205
0.000002
0.000762
0.000447
0.009765
0.000004
0.000124
0.020049
0.000004
0.000001
0.000000
0.000001
0.000188
0.000002
0.000000
0.000138
0.001172
0.000005
0.000001
0.000001
0.000001
0.000001
0.000001
0.000001
0.000000
0.000570
0.000002
0.000002
0.000001
0.000001
0.000000
0.000175
0.000594
0.001772
0.000004
0.001481
0.003190
0.000005
0.000308
0.000293
0.000002
0.000255
0.004739
0.000002
0.000001
0.012005
0.000003
0.000001
0.000100
0.000001
0.000000
0.000001
0.000129
0.000001
0.003433
0.000056
0.000002
0.000001
0.000001
0.000000
0.000001
0.000001
0.000460
0.000002
0.000001
0.000000
0.000000
0.000000
0.000001
0.000000
0.011606
0.002043
0.000005
0.011437
0.000003
0.000294
0.000881
0.000003
0.000002
0.000272
0.000001
0.000001
0.000001
0.001152
0.000002
0.000001
0.002648
0.000006
0.000001
0.000576
0.000003
0.000000
0.000407
0.000004
0.000001
0.000779
0.000005
0.000001
0.000000
0.000001
0.000000
0.002113
0.000482
0.000002
0.000000
0.000884
0.000285
0.000002
0.003963
0.000003
0.000000
0.014742
0.000004
0.000001
0.000000
0.005128
0.000004
0.000003
0.000001
0.000001
0.000001
0.000001
0.000150
0.000002
0.000501
0.000002
0.000000
0.000000
0.001085
0.000003
0.000000
0.000000
0.000000
0.000000
0.000000
0.000124
0.005986
0.000003
0.018210
0.000014
0.000009
0.000008
0.001874
0.000049
0.000001
0.000000
0.000001
0.000000
0.000000
0.000000
0.000000
0.000000
0.002911
0.000048
0.000002
0.000000
0.000000
0.000000
0.000001
0.000001
0.005522
0.000004
0.000001
0.000000
0.000000
0.000000
0.000001
0.000001
0.000000
0.003339
0.000002
0.000000
0.000000
0.001201
0.000003
0.000001
0.007967
0.000005
0.000001
0.000001
0.005338
0.000004
0.000000
0.000492
0.000002
0.002597
0.000004
0.000001
0.000001
0.000001
0.000001
0.000001
0.001676
0.000005
0.000001
0.000314
0.000489
0.000002
0.000301
0.000550
0.000002
0.007813
0.000003
0.000001
0.015003
0.000007
0.000002
0.000002
0.001727
0.000005
0.000000
0.000001
0.000001
0.000000
0.000001
0.000001
0.000000
0.009463
0.000008
0.000005
0.001418
0.000004
0.000001
0.000000
0.000782
0.000002
0.000000
0.000001
0.000001
0.000001
0.000001
0.000000
0.000001
0.002156
0.000005
0.000000
0.000001
0.000350
0.000002
0.000404
0.003651
0.000004
0.000000
0.001044
0.000007
0.000002
0.008561
0.000006
0.000001
0.000001
0.000319
0.000003
0.001158
0.000004
0.000001
0.000001
0.000001
0.000000
0.007960
0.000005
0.000404
0.000002
0.000759
0.000744
0.000003
0.000001
0.000001
0.000001
0.001590
0.000002
0.011973
0.000003
0.004997
0.000003
0.000001
0.000001
0.000001
0.001576
0.000004
0.000001
0.000001
0.000001
0.000001
0.008091
0.000265
0.000007
0.000005
0.000005
0.000004
0.000004
0.000004
0.000003
0.000004
0.000003
0.001613
0.000003
0.000701
0.000001
0.006030
0.000003
0.000000
0.000000
0.000000
0.000000
0.000000
0.000000
0.000776
0.000002
0.000001
0.000001
0.000001
0.008634
0.000049
0.000001
0.000000
0.000001
0.000001
0.000001
0.000001
0.000000
0.000001
0.000002
0.000001
0.010141
0.000004
0.000001
0.000437
0.000348
0.000002
0.000179
0.000513
0.000002
0.000242
0.000002
0.000001
0.016681
0.000004
0.006595
0.000155
0.000002
0.000001
0.000001
0.000000
0.000000
0.000001
0.000000
0.000550
0.000004
0.003265
0.000004
0.000235
0.000003
0.000001
0.000000
0.000001
0.000001
0.000001
0.000001
0.000327
0.000002
0.002558
0.000360
0.000001
0.000636
0.004273
0.000362
0.000003
0.000671
0.000005
0.000000
0.000802
0.000002
0.000001
0.000000
0.002067
0.000002
0.000001
0.002376
0.000297
0.000001
0.000413
0.000003
0.000000
0.000444
0.000002
0.000000
0.000564
0.000001
0.000001
0.010345
0.000003
0.000001
0.001258
0.000004
0.000001
0.000001
0.000001
0.000394
0.000002
0.000000
0.016287
0.000004
0.000000
0.004903
0.000003
0.000000
0.002031
0.000004
0.000003
0.002491
0.000004
0.000339
0.000001
0.000276
0.009705
0.000103
0.000132
0.000001
0.000000
0.000001
0.000001
0.000000
0.000001
0.000000
0.000001
0.000001
0.000000
0.000001
0.000001
0.000000
0.000635
0.000002
0.000001
0.000001
0.000152
0.000002
0.000001
0.001198
0.002974
0.000004
0.000001
0.000816
0.000003
0.004591
0.001328
0.000075
0.000002
0.000001
0.000000
0.000000
0.000000
0.000000
0.000001
0.000001
0.006903
0.000005
0.000001
0.000254
0.000489
0.000001
0.000258
0.000001
0.000000
0.000670
0.000003
0.000001
0.014583
0.000004
0.008491
0.000002
0.000001
0.003242
0.000006
0.002460
0.000004
0.000000
0.001586
0.000003
0.000000
0.005384
0.000003
0.000001
0.002869
0.000004
0.000001
0.000001
0.000001
0.000001
0.000001
0.003235
0.000081
0.000003
0.000001
0.000001
0.000001
0.000001
0.000001
0.000001
0.000001
0.000001
0.000000
0.000001
0.000001
0.000001
0.000001
0.000001
0.000000
0.000000
0.003489
0.000004
0.000001
0.000335
0.000273
0.000003
0.000413
0.000002
0.000000
0.000386
0.000002
0.000001
0.014185
0.003145
0.000069
0.000002
0.000001
0.000001
0.000000
0.000001
0.000001
0.000000
0.000001
0.019634
0.000004
0.000001
0.001821
0.000003
0.000000
0.012591
0.000004
0.000001
0.000457
0.001289
0.000003
0.000001
0.000000
0.003817
0.000004
0.000001
0.000296
0.000662
0.000004
0.000237
0.000001
0.000000
0.000831
0.000004
0.000001
0.000000
0.000001
0.001318
0.000004
0.000001
0.000001
0.000001
0.000001
0.000000
0.000001
0.000001
0.000001
0.001027
0.000002
0.004752
0.000067
0.000002
0.000001
0.000001
0.000001
0.000001
0.000001
0.000000
0.000001
0.000001
0.000001
0.000000
0.000000
0.006677
0.000015
0.000002
0.000938
0.000079
0.000003
0.000000
0.000001
0.000001
0.000001
0.000001
0.000000
0.147029
0.000004
0.000001
0.000001
0.000001
0.000000
0.000001
0.003928
0.000005
0.000001
0.000000
0.000001
0.000002
0.000173
0.000002
0.000001
0.000265
0.000002
0.000000
0.000001
0.000001
0.000915
0.000159
0.000180
0.000093
0.000069
0.000003
0.000003
0.000002
0.000001
0.000000
0.000070
0.000001
0.000001
0.000001
0.000001
0.000001
0.000002
0.000001
0.000000
0.000001
0.000001
0.000000
0.000001
0.000001
0.000001
0.000001
0.000392
0.000002
0.000000
0.000000
0.000001
0.000348
0.000001
0.000001
0.000352
0.000002
0.000001
0.000743
0.000002
0.000000
0.000000
0.000000
0.000000
0.000001
0.053092
0.000006
0.000001
0.006020
0.000004
0.000000
0.000001
0.002460
0.000003
0.000000
0.000000
0.000001
0.000001
0.002243
0.004540
0.000009
0.000001
0.000001
0.000001
0.000000
0.000001
0.007061
0.000040
0.000015
0.000012
0.000009
0.000006
0.000005
0.000005
0.000003
0.000003
0.000001
0.000001
0.000002
0.000001
0.000001
0.000001
0.000002
0.000001
0.000001
0.000002
0.000013
0.000001
0.000001
0.000001
0.000002
0.000001
0.000001
0.000001
0.000001
0.000001
0.000003
0.001734
0.001862
0.000008
0.000001
0.000001
0.000003
0.000001
0.000001
0.000001
0.000001
0.000001
0.000001
0.000000
0.000001
0.036626
0.000005
0.000001
0.004758
0.000053
0.000002
0.000001
0.000000
0.000000
0.000000
0.000000
0.000993
0.000002
0.001327
0.000004
0.005724
0.000121
0.000066
0.000002
0.000001
0.000001
0.000001
0.000001
0.000000
0.000001
0.000000
0.000001
0.000000
0.002222
0.000090
0.000071
0.000003
0.000002
0.000001
0.000000
0.000000
0.000124
0.000123
0.000002
0.000000
0.000001
0.000001
0.000000
0.000001
0.000003
0.000001
0.000000
0.000291
0.000002
0.000000
0.000001
0.000001
0.000000
0.000192
0.000001
0.000197
0.000001
0.000001
0.004237
0.000004
0.000000
0.000001
0.000000
0.000000
0.000000
0.034516
0.000004
0.000001
0.004092
0.000003
0.000001
0.000001
0.000607
0.000002
0.000001
0.000295
0.000002
0.003064
0.000004
0.011876
0.001390
0.000002
0.000000
0.000000
0.000000
0.000001
0.001255
0.000058
0.000002
0.000003
0.000001
0.000000
0.000001
0.000000
0.000001
0.000001
0.000000
0.000001
0.000253
0.000001
0.000001
0.000000
0.001642
0.000005
0.000001
0.000334
0.000002
0.000373
0.003562
0.000265
0.000065
0.000073
0.000041
0.000001
0.000001
0.000000
0.000000
0.000001
0.000001
0.000001
0.000000
0.000000
0.000001
0.000001
0.000002
0.000000
0.000001
0.000000
0.000000
0.000000
0.000000
0.023837
0.000003
0.000000
0.006029
0.000781
0.000003
0.000001
0.000228
0.000002
0.000001
0.001050
0.004210
0.000003
0.000000
0.012561
0.000005
0.000299
0.000002
0.000435
0.000438
0.000002
0.000001
0.000273
0.000003
0.000003
0.000784
0.000002
0.000001
0.000001
0.000000
0.000000
0.000000
0.000502
0.000002
0.000000
0.000162
0.000001
0.003421
0.000004
0.000000
0.000003
0.000000
0.000001
0.000602
0.000002
0.000532
0.000002
0.000001
0.000001
0.000001
0.000583
0.000003
0.000000
0.000001
0.000452
0.000001
0.000000
0.000225
0.000002
0.000000
0.001338
0.000003
0.000001
0.000001
0.000001
0.019674
0.000004
0.000001
0.012053
0.000003
0.002539
0.000004
0.000001
0.000002
0.000001
0.000001
0.000000
0.001491
0.000465
0.009723
0.000004
0.000302
0.000167
0.001739
0.000004
0.000001
0.000000
0.000000
0.000001
0.000001
0.000001
0.003530
0.000005
0.000000
0.000310
0.000002
0.000000
0.000001
0.000002
0.000001
0.000001
0.000458
0.003088
0.000003
0.000001
0.000119
0.000001
0.009212
0.000005
0.000001
0.000001
0.000000
0.000000
0.000000
0.000000
0.000000
0.000000
0.000001
0.000001
0.000001
0.000001
0.000001
0.000000
0.000000
0.000000
0.000000
0.000001
0.000000
0.000001
0.000001
0.000000
0.010655
0.000005
0.000000
0.020435
0.000004
0.000001
0.002761
0.000003
0.000000
0.000001
0.000001
0.000000
0.000000
0.000000
0.004316
0.000004
0.000001
0.000001
0.000161
0.000650
0.000002
0.000000
0.000001
0.000001
0.000466
0.003004
0.000005
0.000001
0.000375
0.000001
0.000517
0.000003
0.000534
0.000003
0.000001
0.000462
0.000002
0.014604
0.000004
0.000000
0.000001
0.000001
0.000001
0.000000
0.000001
0.002298
0.000004
0.000001
0.000000
0.000000
0.000001
0.000001
0.000001
0.000001
0.000001
0.000001
0.000001
0.000001
0.000000
0.000001
0.000001
0.000001
0.000000
0.000000
0.000862
0.000002
0.003252
0.000004
0.025792
0.000004
0.002952
0.000000
0.000137
0.000002
0.000000
0.000247
0.007495
0.000049
0.000001
0.000000
0.000000
0.000000
0.000000
0.000000
0.000000
0.000001
0.000001
0.000000
0.000112
0.002615
0.000002
0.000001
0.000001
0.000000
0.000061
0.000059
0.000002
0.000001
0.000000
0.000404
0.000001
0.000001
0.016089
0.000003
0.000001
0.000000
0.000001
0.000001
0.002617
0.000004
0.002698
0.000088
0.000060
0.000002
0.000063
0.000002
0.000000
0.000001
0.000001
0.000001
0.000001
0.000001
0.000001
0.000000
0.000001
0.000188
0.000002
0.000001
0.000148
0.000001
0.000001
0.002110
0.000004
0.000496
0.026831
0.000002
0.003648
0.000004
0.000000
0.000001
0.000221
0.000002
0.000000
0.004034
0.000003
0.000001
0.000000
0.000000
0.000001
0.000000
0.000000
0.000000
0.000000
0.001761
0.000003
0.000479
0.000002
0.000001
0.000802
0.000003
0.000001
0.002972
0.000005
0.000001
0.000001
0.000001
0.000955
0.000002
0.009116
0.000016
0.000002
0.000002
0.000005
0.000002
0.007818
0.000015
0.000003
0.003100
0.010166
0.000004
0.000001
0.000001
0.000001
0.000001
0.000001
0.000000
0.000000
0.000001
0.000001
0.000001
0.000001
0.000001
0.000000
0.000001
0.000000
0.000000
0.000001
0.000001
0.000001
0.008648
0.000002
0.007704
0.000003
0.000427
0.002567
0.000003
0.000228
0.000317
0.000001
0.000436
0.001788
0.000003
0.000294
0.000345
0.000001
0.000409
0.000466
0.000002
0.000000
0.000590
0.000002
0.000001
0.009303
0.000367
0.000004
0.000504
0.000017
0.000001
0.000932
0.000003
0.000001
0.000000
0.000000
0.004902
0.000019
0.000002
0.001933
0.000009
0.000002
0.008402
0.000012
0.000005
0.000002
0.000002
0.002111
0.000003
0.000001
0.000001
0.000003
0.000002
0.000001
0.004309
0.000637
0.000003
0.000002
0.000310
0.000001
0.005906
0.000003
0.002103
0.000021
0.000002
0.000006
0.000001
0.000002
0.001725
0.000009
0.011605
0.000004
0.000001
0.000001
0.000000
0.000001
0.000000
0.000001
0.000001
0.000001
0.000001
0.000001
0.008499
0.000026
0.000001
0.000010
0.000004
0.000003
0.000002
0.000389
0.000017
0.000005
0.000005
0.006900
0.000004
0.000001
0.000001
0.000002
0.000000
0.000001
0.000001
0.000001
0.000000
0.000001
0.000000
0.003411
0.000011
0.000001
0.006473
0.000013
0.000002
0.005027
0.000024
0.000003
0.000002
0.000001
0.000001
0.000001
0.000003
0.001661
0.000003
0.000001
0.000001
0.000001
0.000000
0.005820
0.000009
0.000003
0.000003
0.002229
0.000007
0.000000
0.000001
0.000001
0.000001
0.000001
0.013283
0.000025
0.000008
0.000001
0.000003
0.001748
0.000011
0.000003
0.001003
0.000018
0.003484
0.000017
0.000002
0.000002
0.000002
0.000002
0.000002
0.000002
0.000004
0.000001
0.000809
0.000009
0.000001
0.011548
0.000005
0.000001
0.000000
0.000001
0.000001
0.000000
0.000001
0.000001
0.000001
0.000000
0.000739
0.000002
0.000001
0.008106
0.000004
0.004873
0.000024
0.000002
0.001904
0.000024
0.000007
0.000005
0.000003
0.000006
0.000003
0.000006
0.000005
0.000005
0.000007
0.000009
0.000003
0.004916
0.000009
0.000002
0.000000
0.000001
0.000002
0.000001
0.000001
0.007548
0.000020
0.007974
0.000005
0.000001
0.000001
0.000001
0.000001
0.000001
0.000000
0.000000
0.006480
0.000051
0.000001
0.000001
0.000001
0.000001
0.000002
0.000000
0.000000
0.000000
0.000001
0.002995
0.000004
0.000000
0.007742
0.000003
0.000001
0.002352
0.000002
0.000001
0.000001
0.000001
0.000188
0.000602
0.000004
0.000001
0.000436
0.000002
0.000001
0.009092
0.000281
0.000002
0.001768
0.000004
0.000000
0.000001
0.000000
0.000001
0.000001
0.000479
0.003076
0.000003
0.000001
0.000701
0.000004
0.000602
0.005893
0.000002
0.000001
0.000001
0.000001
0.000001
0.000001
0.000001
0.002246
0.000003
0.000001
0.009912
0.000005
0.001202
0.000004
0.000001
0.000321
0.000001
0.001231
0.002763
0.000005
0.000001
0.000342
0.000002
0.000314
0.000002
0.000001
0.000528
0.000002
0.000001
0.000001
0.004403
0.000004
0.000001
0.005114
0.000278
0.000002
0.005533
0.000002
0.000001
0.000001
0.000001
0.000001
0.000466
0.000002
0.000560
0.000002
0.000000
0.009896
0.000004
0.000001
0.000188
0.000002
0.004871
0.000078
0.000003
0.000001
0.000001
0.000001
0.000000
0.000001
0.000679
0.000003
0.000000
0.000001
0.000000
0.003629
0.000003
0.000001
0.007533
0.000003
0.000001
0.000000
0.000001
0.000001
0.000001
0.006881
0.000003
0.000000
0.000552
0.000288
0.000002
0.000568
0.000318
0.000002
0.006915
0.000075
0.000002
0.000001
0.000000
0.000001
0.000001
0.000001
0.000001
0.000001
0.000001
0.000773
0.000003
0.000001
0.005722
0.000004
0.000001
0.005077
0.000004
0.000001
0.006263
0.000004
0.000268
0.000002
0.000000
0.000374
0.000001
0.000500
0.000002
0.007823
0.000004
0.000001
0.000756
0.000361
0.000002
0.000285
0.000002
0.000000
0.000000
0.000520
0.003491
0.000003
0.000001
0.000745
0.000004
0.003235
0.000004
0.000001
0.000000
0.001734
0.000004
0.000001
0.000000
0.000550
0.000002
0.000001
0.000000
0.016628
0.000289
0.000001
0.003987
0.000076
0.000003
0.000001
0.000001
0.000001
0.000000
0.000000
0.000345
0.000003
0.000000
0.000001
0.000001
0.000000
0.000918
0.000003
0.000001
0.000001
0.000961
0.000004
0.003672
0.000004
0.000000
0.003512
0.000018
0.000002
0.006283
0.000044
0.000001
0.000000
0.000000
0.000000
0.000001
0.000001
0.009066
0.000003
0.000002
0.000041
0.000000
0.000001
0.000001
0.000000
0.000384
0.000003
0.000001
0.000266
0.005317
0.000004
0.000001
0.001858
0.000004
0.000000
0.012087
0.000003
0.000001
0.000000
0.000001
0.000000
0.000001
0.000001
0.000001
0.000000
0.010289
0.000003
0.000000
0.000002
0.000000
0.000942
0.000002
0.000560
0.000002
0.003892
0.000017
0.000007
0.000001
0.000002
0.000001
0.000754
0.000003
0.000001
0.000384
0.000002
0.000000
0.000000
0.000179
0.003925
0.000005
0.000001
0.003224
0.000004
0.000004
0.005150
0.000004
0.000000
0.000343
0.000002
0.000829
0.000004
0.000320
0.000002
0.004020
0.000005
0.000001
0.000454
0.000002
0.000000
0.001169
0.000005
0.000001
0.000001
0.000223
0.000001
0.005208
0.000004
0.000457
0.000002
0.001243
0.015699
0.000003
0.000001
0.000421
0.000001
0.000000
0.000001
0.000001
0.000000
0.000323
0.000002
0.006124
0.001037
0.000004
0.000001
0.000340
0.000001
0.000000
0.000588
0.000002
0.004332
0.000004
0.000001
0.000000
0.000001
0.000178
0.000001
0.000001
0.000001
0.000001
0.001301
0.000003
0.000000
0.000000
0.000937
0.000314
0.000002
0.006718
0.000003
0.000001
0.003655
0.000004
0.000001
0.004624
0.000003
0.000000
0.000000
0.001812
0.009851
0.000004
0.000001
0.000000
0.000000
0.000001
0.000001
0.000001
0.000001
0.000474
0.000003
0.000001
0.000001
0.000001
0.000000
0.000001
0.000393
0.000002
0.012210
0.000003
0.000001
0.002286
0.000003
0.000000
0.000370
0.000001
0.002182
0.000005
0.007491
0.000004
0.000001
0.000001
0.000001
0.000000
0.000001
0.000001
0.000001
0.001844
0.000005
0.000002
0.000323
0.000486
0.000001
0.000001
0.000684
0.000004
0.000001
0.000003
0.000000
0.000001
0.000791
0.000003
0.005734
0.000015
0.001917
0.000011
0.000002
0.003599
0.000008
0.000753
0.004507
0.000005
0.000001
0.000492
0.000002
0.000384
0.009475
0.000008
0.000001
0.000001
0.000000
0.000001
0.000001
0.000001
0.000001
0.000823
0.000064
0.000002
0.000000
0.000000
0.000000
0.000000
0.000000
0.015214
0.000007
0.003642
0.000010
0.000001
0.000002
0.000003
0.000001
0.000001
0.000001
0.000002
0.003913
0.000004
0.000001
0.006017
0.000018
0.000001
0.000003
0.000003
0.000001
0.000002
0.000003
0.000002
0.000001
0.002418
0.000014
0.000004
0.000002
0.000002
0.000000
0.000002
0.000001
0.000002
0.000001
0.001002
0.000008
0.000001
0.005435
0.000013
0.000001
0.011807
0.000021
0.000003
0.000002
0.000002
0.000001
0.000002
0.001207
0.000013
0.006274
0.000004
0.000000
0.000000
0.000000
0.000000
0.000001
0.040486
0.001523
0.000006
0.000001
0.000001
0.000000
0.000001
0.000001
0.000001
0.000001
0.000001
0.000005
0.000001
0.000000
0.000001
0.000001
0.000000
0.000001
0.000000
0.000000
0.000001
0.000001
0.000000
0.000001
0.000000
0.000001
0.000000
0.000001
0.000001
0.026868
0.000369
0.000026
0.000004
0.000001
0.000001
0.000003
0.000001
0.000001
0.000001
0.000001
0.000001
0.000001
0.000001
0.000000
0.000004
0.000002
0.000001
0.000011
0.000005
0.000002
0.000001
0.000002
0.000003
0.000002
0.000002
0.000003
0.000001
0.000002
0.000027
0.000003
0.000002
0.000002
0.000006
0.000002
0.000002
0.000002
0.000002
0.005794
0.000008
0.000001
0.000001
0.000001
0.000001
0.000000
0.000001
0.006416
0.000011
0.000007
0.000006
0.000006
0.000005
0.000005
0.000004
0.000004
0.016130
0.000126
0.000041
0.000028
0.000019
0.000014
0.000010
0.000008
0.000006
0.000005
0.000004
0.027881
0.000014
0.000008
0.000005
0.000006
0.000325
0.000001
0.000000
0.000486
0.000002
0.000473
0.002910
0.000004
0.000258
0.000315
0.000003
0.001624
0.000361
0.001388
0.000003
0.000000
0.000001
0.000001
0.000001
0.000001
0.000000
0.000001
0.000001
0.000000
0.000000
0.002821
0.000438
0.000008
0.000002
0.000003
0.000003
0.000002
0.000003
0.000001
0.000002
0.000002
0.000001
0.000002
0.000001
0.000001
0.000001
0.000005
0.000001
0.000001
0.000001
0.000000
0.000001
0.000001
0.000001
0.007663
0.000004
0.000001
0.003993
0.000005
0.002723
0.000005
0.000000
0.000001
0.000001
0.000001
0.030062
0.000004
0.000001
0.000934
0.000003
0.000241
0.000483
0.000001
0.000000
0.000001
0.000613
0.000002
0.009410
0.000004
0.000000
0.000001
0.000001
0.000001
0.000000
0.001464
0.000004
0.000000
0.000252
0.002096
0.000071
0.000002
0.000001
0.000001
0.000001
0.000000
0.000001
0.000001
0.000001
0.000000
0.000001
0.000001
0.000001
0.000001
0.000004
0.000001
0.000000
0.000581
0.000570
0.000065
0.000065
0.000060
0.000001
0.000001
0.000000
0.000001
0.000001
0.000001
0.000001
0.000000
0.000000
0.003623
0.000004
0.000001
0.005503
0.000614
0.000003
0.001101
0.000004
0.000000
0.000001
0.000001
0.034092
0.000005
0.000001
0.000001
0.000001
0.000000
0.000001
0.000001
0.000000
0.000000
0.000001
0.007984
0.000012
0.000002
0.000067
0.000002
0.000000
0.000001
0.000001
0.000001
0.000000
0.000001
0.000001
0.000001
0.000000
0.000000
0.008527
0.000169
0.000016
0.000008
0.000006
0.000081
0.000003
0.000001
0.000000
0.000001
0.000001
0.000001
0.000001
0.000004
0.000000
0.000001
0.000000
0.000001
0.000001
0.000000
0.000001
0.000001
0.000000
0.000001
0.000001
0.000000
0.000000
0.000000
0.000000
0.000000
0.000000
0.000568
0.000003
0.000001
0.000001
0.000000
0.000001
0.000001
0.000000
0.027277
0.000007
0.000537
0.000002
0.000000
0.000000
0.000000
0.000000
0.000000
0.000456
0.000003
0.000000
0.006734
0.000005
0.000000
0.004084
0.000004
0.000001
0.000001
0.001610
0.000004
0.000000
0.000287
0.000001
0.000000
0.000380
0.000002
0.000002
0.000000
0.000000
0.000000
0.001045
0.000004
0.000000
0.000001
0.001842
0.001303
0.000004
0.000239
0.000002
0.000001
0.000001
0.009964
0.000091
0.000003
0.000001
0.000000
0.000000
0.000001
0.000001
0.000000
0.000000
0.000001
0.000000
0.000001
0.000001
0.000001
0.000001
0.000240
0.000287
0.000350
0.002177
0.000004
0.000000
0.000001
0.000001
0.026554
0.000005
0.000001
0.000001
0.000002
0.000001
0.000001
0.000000
0.000001
0.000000
0.000001
0.007188
0.000004
0.000000
0.000000
0.000000
0.000377
0.000002
0.000001
0.003771
0.000856
0.000002
0.000001
0.003844
0.000010
0.000001
0.000000
0.000002
0.000001
0.000000
0.004526
0.000002
0.000000
0.000000
0.000000
0.000000
0.000000
0.000001
0.000001
0.000000
0.000000
0.000000
0.000921
0.000002
0.000000
0.000579
0.000002
0.000001
0.003456
0.000004
0.000000
0.000001
0.000000
0.000124
0.000001
0.001285
0.000004
0.004993
0.000004
0.000005
0.000521
0.000003
0.003730
0.000003
0.000001
0.017770
0.000004
0.000000
0.000001
0.000000
0.000000
0.000455
0.000001
0.000000
0.000000
0.000635
0.000002
0.006854
0.000004
0.000001
0.000002
0.000214
0.000002
0.000405
0.004381
0.000012
0.005292
0.022428
0.000012
0.000001
0.000001
0.000001
0.000002
0.000002
0.000001
0.000000
0.000001
0.000002
0.000001
0.000001
0.000001
0.000001
0.000001
0.000002
0.001621
0.000006
0.000001
0.000000
0.000001
0.000004
0.000002
0.000001
0.000002
0.002380
0.000236
0.000003
0.000001
0.000003
0.000001
0.000000
0.000000
0.000001
0.000001
0.000001
0.000001
0.000000
0.000000
0.000000
0.000001
0.000001
0.000001
0.016421
0.000020
0.000003
0.000002
0.000003
0.000002
0.000002
0.000001
0.000001
0.000003
0.000003
0.005494
0.000019
0.000003
0.000004
0.000002
0.000002
0.000001
0.000001
0.015469
0.000019
0.000004
0.011546
0.000014
0.015937
0.000021
0.000002
0.000003
0.000001
0.000002
0.000011
0.000002
0.000001
0.000002
0.000001
0.000001
0.000002
0.000003
0.000002
0.000002
0.000002
0.000002
0.000001
0.000002
0.000002
0.000001
0.000001
0.000001
0.000002
0.000001
0.000002
0.000000
0.000001
0.000003
0.000002
0.000001
0.000002
0.000002
0.000000
0.000002
0.002131
0.000025
0.000001
0.000001
0.000002
0.009007
0.000034
0.000006
0.000011
0.000005
0.000005
0.000003
0.000003
0.000006
0.000007
0.000004
0.000007
0.002787
0.000021
0.000002
0.013462
0.000004
0.000001
0.000001
0.000002
0.000001
0.000000
0.012114
0.000011
0.000002
0.004092
0.000011
0.000001
0.000001
0.000000
0.000000
0.008509
0.000004
0.000001
0.000001
0.000069
0.000002
0.000001
0.000001
0.000001
0.000002
0.000001
0.006048
0.000004
0.000001
0.000000
0.000000
0.000000
0.000001
0.000001
0.000000
0.000254
0.000001
0.000001
0.000000
0.000001
0.000001
0.000237
0.000001
0.000000
0.000001
0.000001
0.001113
0.000002
0.000000
0.000001
0.000951
0.000002
0.000000
0.000488
0.000002
0.000001
0.000736
0.000002
0.000000
0.000000
0.000292
0.000002
0.011220
0.000004
0.000001
0.000001
0.000000
0.000001
0.000000
0.002398
0.000005
0.000001
0.019850
0.000005
0.000000
0.002615
0.000005
0.000001
0.000000
0.000001
0.018541
0.000004
0.000001
0.000000
0.000001
0.000001
0.000001
0.000001
0.000000
0.000001
0.000001
0.000000
0.000001
0.000000
0.000001
0.000000
0.000001
0.000001
0.000001
0.000005
0.000001
0.000001
0.000001
0.000001
0.000660
0.006789
0.000004
0.000001
0.000001
0.000000
0.000001
0.000001
0.000000
0.000001
0.000001
0.000001
0.000001
0.000000
0.000001
0.000001
0.000000
0.000001
0.000003
0.000001
0.000000
0.000001
0.000000
0.005364
0.000004
0.000001
0.000205
0.000706
0.000003
0.000001
0.006624
0.000016
0.000002
0.008343
0.000003
0.000000
0.015592
0.000004
0.000904
0.000003
0.000000
0.000000
0.004390
0.000183
0.000002
0.003366
0.000003
0.000001
0.000000
0.000451
0.000004
0.000006
0.000001
0.037697
0.000004
0.000001
0.000443
0.000003
0.000001
0.000427
0.000003
0.000000
0.000001
0.000000
0.000241
0.000002
0.000001
0.001533
0.000002
0.003335
0.000004
0.000001
0.000197
0.000002
0.000001
0.000002
0.000485
0.000002
0.000000
0.000001
0.000001
0.000407
0.000003
0.000000
0.000001
0.000438
0.000002
0.000000
0.000000
0.002220
0.000060
0.000002
0.000003
0.000000
0.000001
0.000001
0.000065
0.000002
0.000001
0.000000
0.000059
0.000002
0.000000
0.000001
0.000001
0.000001
0.000001
0.080429
0.000003
0.000199
0.000438
0.000002
0.000351
0.002883
0.000003
0.000000
0.000001
0.000001
0.000000
0.008649
0.000003
0.000001
0.000001
0.000534
0.000002
0.000001
0.000000
0.000001
0.000685
0.000002
0.000001
0.000000
0.000001
0.001453
0.000003
0.000001
0.000001
0.000001
0.000000
0.000001
0.000000
0.000001
0.000649
0.000003
0.000000
0.000001
0.003231
0.000184
0.000088
0.000087
0.000046
0.000002
0.000001
0.000000
0.000001
0.000001
0.000000
0.000001
0.000001
0.000003
0.000000
0.000001
0.000001
0.000000
0.000123
0.001890
0.000003
0.000000
0.000000
0.000001
0.000001
0.000001
0.003441
0.031827
0.000005
0.000001
0.007006
0.000454
0.000001
0.000379
0.000050
0.000003
0.003311
0.000004
0.000000
0.002487
0.000321
0.002035
0.000003
0.000714
0.000386
0.000002
0.000578
0.000002
0.000000
0.000000
0.004035
0.000004
0.000001
0.000000
0.000001
0.000000
0.000000
0.002311
0.000004
0.002114
0.000003
0.000001
0.000001
0.000000
0.000000
0.000001
0.000001
0.000000
0.000000
0.004737
0.000194
0.000289
0.000092
0.000108
0.000041
0.000002
0.000001
0.000000
0.000000
0.000000
0.000001
0.000000
0.000002
0.000001
0.000001
0.000000
0.000001
0.000001
0.000000
0.008114
0.000005
0.000000
0.000001
0.014514
0.000006
0.012500
0.000005
0.000002
0.001590
0.000004
0.000430
0.000003
0.000009
0.000001
0.006533
0.000004
0.000001
0.000001
0.000001
0.000050
0.000002
0.000001
0.000001
0.000512
0.000002
0.000000
0.004206
0.000005
0.000001
0.000446
0.000138
0.000644
0.000011
0.015562
0.000007
0.000001
0.000276
0.000265
0.000002
0.000495
0.001271
0.000004
0.000001
0.000423
0.000002
0.000000
0.000000
0.001230
0.000002
0.000001
0.000000
0.000001
0.000001
0.000001
0.000001
0.000000
0.000001
0.003965
0.000053
0.000001
0.000001
0.000001
0.000001
0.000001
0.000001
0.000001
0.000001
0.000001
0.004019
0.000003
0.000000
0.017863
0.000005
0.000000
0.000001
0.000902
0.000003
0.000001
0.000000
0.000000
0.003485
0.000003
0.000000
0.000000
0.000862
0.000003
0.000000
0.000000
0.001198
0.000003
0.000001
0.009160
0.000004
0.000001
0.000452
0.000002
0.000001
0.000001
0.021747
0.000004
0.000000
0.004161
0.000004
0.000001
0.014264
0.000109
0.000056
0.000002
0.000001
0.000001
0.000001
0.000001
0.000001
0.000001
0.000001
0.000000
0.000000
0.000001
0.000000
0.000001
0.000000
0.000002
0.000000
0.000000
0.000001
0.000001
0.000001
0.000000
0.000000
0.000001
0.000000
0.000001
0.000000
0.000001
0.000001
0.001948
0.000291
0.000002
0.000765
0.000004
0.000001
0.004936
0.000002
0.000000
0.001077
0.000004
0.000001
0.000001
0.000001
0.000000
0.000398
0.000003
0.000000
0.000000
0.000507
0.000002
0.000001
0.005605
0.000004
0.000001
0.000003
0.000000
0.000000
0.000001
0.023021
0.000004
0.000000
0.006720
0.000004
0.000000
0.016939
0.000094
0.000002
0.000000
0.000000
0.000001
0.000001
0.000000
0.000000
0.000000
0.000001
0.000919
0.000077
0.000264
0.000084
0.000043
0.000001
0.000001
0.000000
0.000000
0.000001
0.000001
0.000001
0.000000
0.000000
0.000000
0.000002
0.000000
0.000001
0.000703
0.000045
0.000001
0.000000
0.000000
0.000001
0.000001
0.000891
0.000003
0.000001
0.000651
0.000002
0.005486
0.000003
0.000000
0.000000
0.000103
0.000521
0.000002
0.000001
0.000001
0.000001
0.000619
0.000268
0.000002
0.001115
0.000086
0.000001
0.000533
0.000513
0.020881
0.000004
0.000000
0.004509
0.000005
0.000001
0.017317
0.000002
0.000001
0.005680
0.000004
0.000001
0.002947
0.000004
0.000000
0.000450
0.000001
0.000000
0.000487
0.000002
0.000001
0.000658
0.003369
0.000124
0.000101
0.000050
0.000001
0.000000
0.000001
0.000000
0.000000
0.000001
0.000000
0.000000
0.000291
0.000002
0.000001
0.000000
0.000351
0.000002
0.000003
0.000000
0.000000
0.000000
0.000117
0.004638
0.000095
0.000003
0.000001
0.000000
0.000000
0.000000
0.000001
0.000000
0.000000
0.000000
0.000000
0.000000
0.000000
0.000000
0.000001
0.000001
0.000266
0.000002
0.000001
0.000001
0.017842
0.000004
0.000000
0.000975
0.000004
0.000001
0.015798
0.000005
0.000001
0.009516
0.000005
0.000003
0.011523
0.000005
0.006599
0.000118
0.000070
0.000002
0.000001
0.000001
0.000001
0.000009
0.000001
0.000001
0.000001
0.000001
0.000371
0.000002
0.000001
0.000000
0.000001
0.000000
0.000158
0.000002
0.000001
0.000295
0.000002
0.000001
0.000184
0.000412
0.000001
0.000001
0.000000
0.000000
0.000000
0.000488
0.000002
0.000000
0.000156
0.000002
0.000001
0.000334
0.000002
0.000000
0.000000
0.000074
0.000255
0.000003
0.000001
0.000001
0.000001
0.000001
0.000213
0.000002
0.000001
0.008939
0.000004
0.000001
0.000000
0.000001
0.000577
0.012944
0.000003
0.000001
0.014695
0.000003
0.000001
0.018129
0.000003
0.000001
0.000498
0.000237
0.000002
0.000605
0.000003
0.000001
0.000001
0.010528
0.000004
0.000001
0.000132
0.000002
0.000001
0.000001
0.000001
0.000000
0.001260
0.000085
0.000069
0.000003
0.000000
0.000060
0.000001
0.000001
0.000001
0.000000
0.000000
0.000000
0.000000
0.000002
0.000001
0.000000
0.000137
0.000229
0.000002
0.000001
0.000133
0.000001
0.000553
0.000002
0.000212
0.000001
0.000001
0.000420
0.000063
0.000057
0.000001
0.000001
0.000000
0.000000
0.000000
0.000001
0.000298
0.000002
0.000001
0.005799
0.000005
0.000001
0.013902
0.000005
0.000001
0.001122
0.000003
0.036344
0.000004
0.000712
0.000002
0.000000
0.000795
0.000004
0.000424
0.000003
0.000000
0.000000
0.000569
0.000002
0.000000
0.002900
0.000006
0.000271
0.000002
0.000594
0.000001
0.000003
0.000001
0.000001
0.000000
0.000001
0.000001
0.000398
0.000002
0.000000
0.000402
0.000002
0.000001
0.000000
0.000000
0.000120
0.000002
0.000001
0.000001
0.000000
0.000094
0.005846
0.000065
0.000061
0.000002
0.000001
0.000001
0.000001
0.000000
0.000000
0.000001
0.000000
0.000001
0.000185
0.000001
0.000001
0.000217
0.000200
0.000001
0.000000
0.000111
0.000001
0.006492
0.000004
0.000001
0.000000
0.033625
0.000004
0.000001
0.004742
0.000003
0.000000
0.001410
0.000004
0.000000
0.000001
0.000001
0.000000
0.009079
0.002752
0.000075
0.000002
0.000001
0.000000
0.000000
0.000000
0.000001
0.000001
0.000303
0.003584
0.000002
0.000001
0.000001
0.000001
0.000260
0.000002
0.000000
0.000000
0.000408
0.000001
0.000000
0.000106
0.000002
0.000001
0.001645
0.000135
0.000002
0.000001
0.000001
0.000000
0.000001
0.000107
0.000171
0.000001
0.000929
0.000100
0.000085
0.000002
0.000001
0.000000
0.000070
0.000141
0.000002
0.000002
0.000001
0.000000
0.000000
0.000295
0.000002
0.000001
0.000180
0.000001
0.032903
0.000003
0.000001
0.002275
0.000266
0.006878
0.000004
0.000001
0.000001
0.000000
0.000000
0.005544
0.000002
0.002934
0.000051
0.000002
0.000001
0.000000
0.000000
0.000000
0.000000
0.000000
0.000000
0.004422
0.000002
0.000001
0.000001
0.000151
0.000001
0.000111
0.000487
0.000005
0.000083
0.000003
0.000001
0.000001
0.000001
0.000000
0.000000
0.009662
0.000066
0.000002
0.000001
0.000001
0.000000
0.000000
0.000001
0.000001
0.000001
0.000001
0.000000
0.000001
0.000000
0.000001
0.000000
0.000001
0.000000
0.000002
0.000000
0.000001
0.000001
0.000000
0.000001
0.000000
0.000001
0.022280
0.000005
0.000001
0.004322
0.000004
0.000001
0.004853
0.000004
0.000001
0.000332
0.001072
0.000004
0.004370
0.000004
0.000001
0.000733
0.000153
0.000001
0.000001
0.000001
0.000000
0.000000
0.000000
0.016386
0.000005
0.000001
0.000001
0.000001
0.000589
0.000003
0.000001
0.000534
0.000003
0.000324
0.000003
0.000001
0.001412
0.000058
0.000001
0.000001
0.000001
0.000001
0.000000
0.000000
0.000000
0.000000
0.000000
0.001457
0.000300
0.000002
0.000001
0.000563
0.000002
0.000001
0.000675
0.000003
0.000001
0.000001
0.000000
0.001011
0.000003
0.000001
0.000001
0.000001
0.000000
0.000001
0.017083
0.000366
0.000001
0.002585
0.000005
0.000001
0.005741
0.000004
0.009499
0.000005
0.000465
0.000002
0.000001
0.000001
0.000001
0.000000
0.000293
0.001174
0.000003
0.000000
0.000001
0.000001
0.000000
0.014179
0.000002
0.000001
0.000471
0.000383
0.000002
0.000000
0.000402
0.000002
0.001274
0.000004
0.000001
0.000000
0.002502
0.000005
0.000000
0.000001
0.000001
0.000000
0.000001
0.000001
0.000001
0.000001
0.000000
0.000003
0.000301
0.000001
0.000241
0.000003
0.000001
0.000726
0.000002
0.000000
0.000000
0.000001
0.000001
0.000122
0.003788
0.000003
0.000000
0.000001
0.000000
0.009696
0.000003
0.000001
0.005091
0.000003
0.000001
0.004713
0.001439
0.000002
0.013895
0.000005
0.000001
0.000223
0.000002
0.000001
0.000435
0.001193
0.000004
0.000000
0.000000
0.000000
0.000000
0.000000
0.146187
0.000086
0.000060
0.000002
0.000000
0.000001
0.000001
0.000001
0.000001
0.000001
0.000001
0.000001
0.000001
0.000001
0.000001
0.000001
0.000003
0.000001
0.000001
0.000001
0.000000
0.000000
0.000232
0.000001
0.000000
0.000000
0.000001
0.000001
0.000162
0.000924
0.000064
0.000002
0.000001
0.000001
0.000001
0.000001
0.000000
0.000000
0.000511
0.000066
0.000001
0.000000
0.000001
0.000000
0.000001
0.000001
0.000077
0.000002
0.000001
0.001681
0.000067
0.000062
0.000003
0.000000
0.000001
0.000001
0.000001
0.000000
0.000001
0.000001
0.000001
0.000001
0.000292
0.000001
0.000001
0.000000
0.055632
0.000002
0.000000
0.002876
0.006740
0.000078
0.000003
0.000001
0.000000
0.000001
0.000001
0.000001
0.000001
0.000001
0.000001
0.000000
0.000001
0.000073
0.000002
0.000001
0.000583
0.000002
0.000001
0.000001
0.000001
0.027537
0.000003
0.000001
0.000000
0.000000
0.000001
0.000001
0.000001
0.000301
0.000001
0.000000
0.000001
0.000000
0.000003
0.000002
0.000306
0.000002
0.000000
0.000296
0.000001
0.000000
0.000000
0.000000
0.000122
0.000159
0.000001
0.000111
0.000100
0.000114
0.000000
0.495549
0.055738
0.000004
0.061011
0.055106
0.000009
0.054874
0.055241
0.000005
0.059630
0.000004
0.000000
0.000000
0.000001
0.000001
0.000001
0.000000
0.000000
0.000000
0.000000
0.000001
0.000001
0.000001
0.055989
0.000005
0.000001
0.000436
0.000869
0.000001
0.000000
0.053415
0.006290
0.000095
0.000003
0.000077
0.000002
0.000001
0.000001
0.000001
0.000000
0.000002
0.000001
0.000000
0.000001
0.000001
0.000001
0.000000
0.000001
0.000001
0.000001
0.000001
0.000001
0.000001
0.000001
0.000001
0.000004
0.000001
0.000001
0.000001
0.000001
0.000001
0.000000
0.000000
0.000000
0.000000
0.000000
0.000000
0.000161
0.048796
0.000003
0.003915
0.005766
0.000004
0.000302
0.001714
0.000004
0.000001
0.000001
0.043080
0.000004
0.000001
0.000946
0.000004
0.000230
0.002888
0.000003
0.000001
0.021973
0.000005
0.000002
0.000804
0.000003
0.000001
0.004098
0.000005
0.000000
0.000506
0.000369
0.000002
0.022497
0.000562
0.000002
0.000000
0.001990
0.000004
0.000000
0.000001
0.001632
0.000004
0.000128
0.000310
0.000002
0.002362
0.002825
0.000003
0.000001
0.015633
0.000004
0.003027
0.000004
0.000001
0.000000
0.008773
0.000141
0.000084
0.001388
0.000075
0.000002
0.000001
0.000001
0.000001
0.000001
0.000001
0.000000
0.000001
0.000000
0.000001
0.000001
0.000003
0.000000
0.000001
0.000000
0.015877
0.000003
0.000129
0.000433
0.000001
0.001076
0.000003
0.000905
0.000004
0.002376
0.003426
0.000005
0.000000
0.000001
0.000000
0.000000
0.000000
0.000001
0.004682
0.000004
0.000798
0.000002
0.000001
0.000001
0.000001
0.000841
0.003116
0.000003
0.000001
0.000001
0.000000
0.000000
0.000000
0.011456
0.000003
0.000000
0.000332
0.000001
0.000333
0.001553
0.000004
0.000001
0.005510
0.001035
0.000736
0.000322
0.000002
0.001030
0.000168
0.000001
0.001117
0.000047
0.000001
0.000001
0.000001
0.000000
0.000000
0.000000
0.002403
0.000003
0.000001
0.000000
0.000001
0.000001
0.000359
0.000002
0.014096
0.000005
0.000001
0.004438
0.000003
0.000001
0.000000
0.003988
0.000077
0.000002
0.000000
0.000001
0.000001
0.000001
0.000000
0.000001
0.000001
0.007652
0.000004
0.000000
0.002742
0.000465
0.000002
0.000269
0.002455
0.000003
0.000001
0.000001
0.000000
0.000001
0.000001
0.000000
0.000001
0.006900
0.000005
0.000001
0.000000
0.002630
0.000004
0.000329
0.000002
0.000002
0.009592
0.000385
0.000002
0.000001
0.000001
0.000001
0.000001
0.001027
0.000004
0.000000
0.002472
0.000003
0.000393
0.000002
0.000000
0.000453
0.000002
0.000225
0.000002
0.000000
0.000964
0.000003
0.000001
0.005536
0.000003
0.000001
0.005304
0.000003
0.000001
0.005812
0.000006
0.000001
0.000000
0.003945
0.000004
0.000001
0.000663
0.000004
0.000566
0.000003
0.000001
0.003947
0.000004
0.000000
0.009929
0.000004
0.001576
0.000003
0.000001
0.000001
0.000000
0.004168
0.000003
0.000000
0.000000
0.000001
0.000001
0.000285
0.000105
0.000003
0.000001
0.000443
0.000329
0.000003
0.000002
0.008242
0.000006
0.000369
0.006136
0.000002
0.000001
0.000001
0.001319
0.000003
0.000491
0.000003
0.000001
0.000001
0.000001
0.000000
0.001553
0.000002
0.000001
0.000001
0.000001
0.000000
0.000000
0.000000
0.000000
0.003096
0.000004
0.000000
0.008157
0.000003
0.000000
0.006618
0.000004
0.000000
0.000001
0.007578
0.000052
0.000001
0.000000
0.000001
0.000000
0.000000
0.000001
0.000001
0.000001
0.006262
0.000002
0.000001
0.002982
0.000005
0.000001
0.000512
0.004268
0.000004
0.000001
0.000229
0.000002
0.000433
0.001289
0.000003
0.000000
0.000001
0.000001
0.000001
0.000286
0.000001
0.000001
0.007608
0.000005
0.007831
0.000005
0.000001
0.000001
0.000001
0.000001
0.000001
0.000001
0.003444
0.000004
0.000000
0.001808
0.000005
0.000000
0.000285
0.000002
0.000000
0.000371
0.000002
0.000000
0.000001
0.001253
0.000003
0.000001
0.003849
0.000003
0.000001
0.012240
0.000004
0.000379
0.000002
0.000591
0.000003
0.001013
0.000397
0.000002
0.000000
0.000241
0.000002
0.000001
0.000001
0.000001
0.005118
0.000005
0.000001
0.004382
0.000003
0.005670
0.000003
0.000001
0.004028
0.000003
0.000552
0.000002
0.000002
0.000001
0.000000
0.000001
0.000000
0.003366
0.000004
0.000000
0.000001
0.001467
0.000004
0.000000
0.046333
0.000107
0.000048
0.000001
0.000000
0.000000
0.000000
0.000000
0.000000
0.000000
0.000121
0.000001
0.000172
0.000001
0.000001
0.000001
0.000140
0.000002
0.000001
0.000187
0.000001
0.000002
0.000001
0.000000
0.000421
0.000002
0.000001
0.000001
0.000160
0.000001
0.004503
0.000242
0.000260
0.000050
0.000002
0.000000
0.000000
0.000001
0.000000
0.000000
0.000001
0.000001
0.000000
0.000000
0.000000
0.000002
0.000000
0.000000
0.000001
0.000000
0.010832
0.000004
0.000000
0.057372
0.000004
0.000001
0.000001
0.000000
0.000000
0.000177
0.000422
0.000002
0.001677
0.000122
0.000051
0.000002
0.000001
0.000001
0.000001
0.000001
0.000000
0.000001
0.000001
0.000001
0.000000
0.000001
0.000001
0.001030
0.000004
0.000001
0.000001
0.000000
0.000000
0.000001
0.000784
0.000002
0.000001
0.000002
0.000000
0.000000
0.000000
0.000000
0.000427
0.000002
0.000000
0.000001
0.000000
0.000218
0.000001
0.000001
0.000941
0.000003
0.000115
0.000048
0.000002
0.000054
0.000043
0.000065
0.000042
0.000001
0.000001
0.000002
0.000000
0.000000
0.000148
0.000001
0.000000
0.000177
0.051179
0.000004
0.000000
0.000001
0.001883
0.003347
0.000003
0.000229
0.000474
0.000627
0.000002
0.000000
0.001097
0.000004
0.000001
0.000001
0.000000
0.000001
0.000001
0.000951
0.000164
0.000050
0.000002
0.000000
0.000000
0.000000
0.000001
0.000001
0.000001
0.000001
0.001457
0.000004
0.000294
0.001895
0.000056
0.000001
0.000000
0.000000
0.000001
0.000000
0.000000
0.000000
0.000000
0.000000
0.000461
0.000002
0.000000
0.000000
0.003998
0.000096
0.000092
0.000043
0.000001
0.000000
0.000000
0.000001
0.000001
0.000000
0.000000
0.000001
0.000001
0.000001
0.000000
0.000001
0.040411
0.000005
0.000001
0.000405
0.005433
0.000005
0.000001
0.001036
0.000004
0.000001
0.001169
0.000003
0.000405
0.000002
0.001349
0.000002
0.000000
0.004025
0.000068
0.000001
0.000001
0.000000
0.000001
0.000000
0.000001
0.000000
0.000009
0.000001
0.000001
0.000001
0.000001
0.000000
0.000407
0.000896
0.000003
0.000001
0.000000
0.000000
0.000640
0.000244
0.000001
0.001236
0.000004
0.000000
0.000001
0.000000
0.000000
0.000000
0.000001
0.001680
0.000050
0.000001
0.000001
0.000000
0.000000
0.000000
0.000001
0.000000
0.000000
0.000000
0.004435
0.000004
0.000000
0.000000
0.000000
0.000001
0.036964
0.000004
0.000000
0.006002
0.000005
0.000001
0.004804
0.000002
0.000000
0.000000
0.000000
0.000000
0.000000
0.000356
0.000002
0.000000
0.001962
0.000003
0.000000
0.006056
0.000005
0.000000
0.000001
0.000001
0.000000
0.000001
0.001241
0.000004
0.000001
0.000001
0.000001
0.000002
0.000000
0.000331
0.000003
0.000002
0.000001
0.000001
0.000001
0.001120
0.000112
0.000053
0.000001
0.000000
0.000001
0.000000
0.000000
0.000000
0.000001
0.000001
0.000001
0.000000
0.000445
0.000002
0.000000
0.000001
0.000001
0.000001
0.001871
0.005858
0.000002
0.000001
0.000001
0.000001
0.000000
0.028888
0.000005
0.000172
0.007255
0.000003
0.000001
0.000001
0.004799
0.000005
0.000001
0.000186
0.001784
0.000004
0.000001
0.000001
0.000001
0.000000
0.000000
0.000000
0.000000
0.003289
0.000005
0.001132
0.000004
0.000002
0.007620
0.000004
0.000000
0.000437
0.000002
0.000546
0.000257
0.000001
0.000001
0.000665
0.000004
0.000001
0.000001
0.000941
0.000004
0.000001
0.000000
0.000000
0.002054
0.000296
0.000002
0.001574
0.000004
0.000001
0.000000
0.003471
0.000068
0.000002
0.000000
0.000001
0.000001
0.000055
0.000003
0.000000
0.000001
0.000136
0.000002
0.000001
0.000209
0.000151
0.000001
0.018686
0.000004
0.000000
0.009318
0.000004
0.000000
0.012920
0.000002
0.000000
0.000001
0.000000
0.000001
0.000001
0.000001
0.000001
0.000001
0.000001
0.000001
0.000000
0.000001
0.000001
0.000001
0.000001
0.000001
0.000000
0.003661
0.000005
0.000001
0.000448
0.000292
0.000002
0.004972
0.000005
0.000001
0.000634
0.000361
0.000002
0.000001
0.000001
0.000963
0.000002
0.000000
0.000000
0.000000
0.000000
0.002026
0.000004
0.000000
0.002012
0.000004
0.000001
0.000399
0.000376
0.000002
0.000000
0.000931
0.000003
0.000001
0.000000
0.000001
0.000000
0.000001
0.000001
0.000736
0.000002
0.000000
0.018903
0.000003
0.005704
0.000004
0.009585
0.000003
0.000001
0.001511
0.000005
0.004393
0.000003
0.000001
0.001150
0.000004
0.000000
0.000433
0.000003
0.000001
0.000001
0.000002
0.000000
0.000000
0.001081
0.000003
0.000000
0.000000
0.000000
0.000476
0.000001
0.000908
0.003865
0.000003
0.000903
0.000005
0.000000
0.003193
0.000131
0.000046
0.000002
0.000001
0.000000
0.000000
0.000001
0.000001
0.000001
0.003440
0.000004
0.000001
0.001252
0.000004
0.000000
0.000000
0.000001
0.000001
0.000001
0.000001
0.002050
0.000005
0.000001
0.000001
0.000001
0.003579
0.000004
0.000001
0.000001
0.010028
0.000005
0.000001
0.016983
0.000006
0.000167
0.001064
0.000003
0.000001
0.005957
0.000003
0.000001
0.000355
0.000002
0.000001
0.000452
0.000003
0.000001
0.001272
0.000002
0.000000
0.003146
0.000004
0.000001
0.000001
0.000890
0.000002
0.000001
0.002855
0.000002
0.000000
0.000700
0.000372
0.000001
0.000455
0.000002
0.000002
0.000498
0.000001
0.000450
0.000001
0.000482
0.010529
0.000004
0.000201
0.000632
0.000002
0.000001
0.001511
0.000002
0.000001
0.000185
0.003568
0.000070
0.000002
0.000001
0.000002
0.000001
0.000000
0.000000
0.001509
0.000003
0.000000
0.000216
0.000002
0.000001
0.000903
0.000451
0.016564
0.000005
0.005020
0.000003
0.000001
0.000000
0.000000
0.008164
0.000046
0.000001
0.000001
0.000001
0.000001
0.000001
0.000001
0.000000
0.000001
0.000000
0.001165
0.000003
0.000000
0.000001
0.005845
0.000004
0.000000
0.000001
0.000000
0.000001
0.000000
0.000000
0.000499
0.000002
0.000000
0.000001
0.000145
0.000118
0.000002
0.000000
0.000486
0.000002
0.006162
0.003323
0.000002
0.009511
0.000003
0.000001
0.000000
0.000000
0.000001
0.000000
0.000000
0.000001
0.000001
0.000000
0.000000
0.000001
0.000657
0.001452
0.000062
0.000001
0.000001
0.000001
0.000001
0.000001
0.000000
0.000001
0.016860
0.000004
0.001539
0.000002
0.000317
0.000291
0.007522
0.000004
0.000249
0.000396
0.000422
0.000001
0.000001
0.000187
0.000001
0.000349
0.000275
0.000002
0.000000
0.000001
0.000001
0.003696
0.000484
0.000428
0.000002
0.000775
0.000533
0.000002
0.003244
0.000415
0.000002
0.000511
0.000412
0.000002
0.000225
0.000002
0.000001
0.000001
0.000390
0.002660
0.000004
0.000510
0.008337
0.000004
0.000203
0.000648
0.000002
0.000000
0.004486
0.000002
0.000001
0.000402
0.000422
0.000016
0.000001
0.000000
0.000001
0.000245
0.000002
0.000000
0.000001
0.000727
0.000005
0.000001
0.000449
0.000003
0.012823
0.000004
0.004881
0.000002
0.000001
0.004548
0.003841
0.000252
0.000001
0.000295
0.000325
0.000177
0.000001
0.000731
0.000001
0.000000
0.000228
0.004204
0.000003
0.000001
0.000190
0.000001
0.000303
0.000326
0.000640
0.000002
0.000001
0.007437
0.000061
0.000001
0.000001
0.000000
0.000001
0.000000
0.000001
0.000000
0.000261
0.000002
0.000000
0.000001
0.000543
0.000002
0.005195
0.001019
0.000002
0.004278
0.000005
0.000000
0.004881
0.000004
0.000001
0.000341
0.000920
0.000003
0.000001
0.001548
0.000004
0.000001
0.000001
0.000001
0.000000
0.002245
0.000005
0.000001
0.000001
0.005255
0.000005
0.010638
0.000004
0.000001
0.000000
0.003720
0.000003
0.000000
0.000358
0.000002
0.000000
0.000719
0.000002
0.000000
0.000198
0.000001
0.000001
0.003654
0.000004
0.000000
0.000231
0.000762
0.000004
0.000001
0.000001
0.000292
0.000002
0.008275
0.000004
0.000001
0.000323
0.000002
0.000001
0.000750
0.000003
0.000000
0.000001
0.000447
0.000003
0.000000
0.000000
0.003755
0.000005
0.000000
0.005075
0.000004
0.000001
0.004642
0.000004
0.000001
0.006396
0.000005
0.000001
0.000276
0.000002
0.000000
0.000003
0.000000
0.000001
0.001881
0.000004
0.000001
0.000000
0.000001
0.000000
0.005656
0.000005
0.008686
0.000004
0.000001
0.000000
0.009946
0.000004
0.000002
0.000001
0.000389
0.000003
0.000324
0.000002
0.000389
0.000002
0.000001
