0.000003
0.000000
0.057434
0.000004
0.000001
0.001939
0.000011
0.000001
0.000002
0.000001
0.056176
0.000003
0.000000
0.001680
0.000006
0.002043
0.000003
0.000001
0.001960
0.000005
0.000001
0.000517
0.000004
0.000611
0.051148
0.000003
0.000000
0.000000
0.003980
0.000004
0.000000
0.000001
0.000002
0.001487
0.000631
0.000003
0.008721
0.000005
0.000001
0.000001
0.000002
0.000001
0.000000
0.000001
0.000000
0.000001
0.000001
0.000001
0.000001
0.000001
0.041467
0.000005
0.000001
0.000728
0.000002
0.000671
0.000002
0.000001
0.000000
0.001424
0.000008
0.000001
0.001996
0.000012
0.000001
0.000003
0.000001
0.000002
0.002770
0.000000
0.000228
0.000001
0.000001
0.000795
0.000002
0.000000
0.004953
0.000100
0.000004
0.000004
0.000004
0.000059
0.004175
0.000003
0.000001
0.000001
0.000000
0.000000
0.000470
0.000002
0.000001
0.000348
0.000001
0.000000
0.000335
0.000276
0.000002
0.000001
0.001030
