0.000002
0.000001
0.000001
0.005138
0.000003
0.000000
0.000001
0.000001
0.000000
0.000000
0.003745
0.000814
0.000003
0.000000
0.000902
0.000003
0.003108
0.000004
0.004708
0.000004
0.000001
0.011856
0.000004
0.000000
0.000207
0.000002
0.003658
0.000008
0.000006
0.000001
0.000001
0.000002
0.000001
0.001829
0.000004
0.000000
0.000000
0.000001
0.000001
0.000001
0.000000
0.000000
0.000000
0.000000
0.000001
0.000000
0.000000
0.000000
0.000000
0.000001
0.003289
0.000004
0.000000
0.005683
0.000004
0.000001
0.009746
0.000003
0.000001
0.000001
0.000001
0.000000
0.000000
0.000001
0.000001
0.000002
0.000001
0.000000
0.000001
0.000001
0.000001
0.000001
0.001977
0.000002
0.000001
0.000000
0.000001
0.000001
0.000001
0.000001
0.000000
0.000000
0.000001
0.000000
0.001779
0.000002
0.000000
0.000001
0.002616
0.000003
0.000001
0.000001
0.000001
0.000000
0.000001
0.000001
0.000001
0.000001
0.000001
0.000000
0.000001
0.000001
0.000001
0.005243
0.002759
0.000003
0.000001
0.000000
0.000000
0.008843
0.000003
0.000000
0.000000
0.000000
0.000001
0.000001
0.000001
0.000001
0.000000
0.000000
0.000001
0.000001
0.000000
0.000000
0.000001
0.000001
0.000001
0.000001
0.000000
0.000000
0.000263
0.000003
0.000000
0.000001
0.000000
0.000001
0.000000
0.000000
0.000209
0.000002
0.000000
0.000069
0.000803
0.000002
0.000001
0.000000
0.000001
0.000001
0.000001
0.000418
0.000002
0.000003
0.000001
0.000001
0.000000
0.000001
0.000238
0.000001
0.000001
0.001433
0.000004
0.000001
0.000000
0.000001
0.000001
0.000001
0.000000
0.003916
0.003460
0.000003
0.001136
0.000003
0.000001
0.004798
0.000004
0.000001
0.004455
0.000054
0.000002
0.000000
0.000001
0.000000
0.000000
0.000000
0.000001
0.000000
0.000000
0.000000
0.000001
0.000001
0.000000
0.000001
0.000001
0.000001
0.000000
0.000000
0.000001
0.000001
0.000001
0.000001
0.000000
0.000000
0.000001
0.000001
0.000000
0.000000
0.000000
0.000000
0.000002
0.000000
0.000000
0.000000
0.000001
0.000000
0.000001
0.000001
0.000001
0.000004
0.000001
0.000001
0.001122
0.000045
0.000001
0.000000
0.000000
0.000001
0.000000
0.000001
0.000001
0.000001
0.000001
0.000000
0.000000
0.000001
0.000001
0.004000
0.000003
0.004490
0.000004
0.000001
0.000001
0.000001
0.000000
0.000000
0.002140
0.000002
0.000000
0.007491
0.000067
0.000001
0.000000
0.000001
0.000000
0.000001
0.000001
0.000000
0.000000
0.000001
0.000000
0.000001
0.000000
0.000001
0.000000
0.000001
0.000000
0.000000
0.000002
0.000001
0.000000
0.000001
0.000000
0.000001
0.000001
0.000000
0.000001
0.000000
0.000001
0.000000
0.000001
0.000000
0.000000
0.000001
0.001708
0.000002
0.000000
0.000000
0.000001
0.006273
0.000005
0.000000
0.000001
0.000001
0.000001
0.000001
0.000002
0.000000
0.000001
0.000001
0.000002
0.000001
0.000002
0.000001
0.003795
0.000004
0.000001
0.000001
0.000000
0.000001
0.000000
0.000000
0.000001
0.000001
0.004300
0.000046
0.000002
0.000001
0.000000
0.000000
0.000000
0.000001
0.000001
0.000001
0.000000
0.000000
0.000000
0.000001
0.000001
0.000000
0.000002
0.000000
0.000000
0.000000
0.000001
0.000000
0.000086
0.000001
0.000000
0.000000
0.000000
0.000001
0.000001
0.000000
0.000002
0.000001
0.000000
0.000000
0.000001
0.000001
0.000001
0.000001
0.000001
0.003200
0.000048
0.000002
0.000001
0.000001
0.000001
0.000001
0.000001
0.000000
0.000000
0.000000
0.000001
0.000001
0.000000
0.000000
0.000000
0.000001
0.001600
0.000002
0.000001
0.002986
0.000002
0.000000
0.000000
0.000000
0.000001
0.000000
0.004429
0.000003
0.000001
0.000000
0.000000
0.000000
0.000001
0.000001
0.000001
0.001426
0.000059
0.000080
0.000078
0.000002
0.000000
0.000073
0.000053
0.000037
0.000001
0.000001
0.000001
0.000003
0.000002
0.000001
0.000001
0.000001
0.000001
0.000001
0.000001
0.000001
0.000000
0.000000
0.000001
0.000001
0.000000
0.000000
0.000000
0.000000
0.000000
0.000000
0.000107
0.000557
0.000002
0.000001
0.003106
0.000004
0.000000
0.000001
0.000000
0.000000
0.000000
0.000000
0.000000
0.000001
0.000001
0.000001
0.000001
0.000001
0.002188
0.000003
0.000001
0.001457
0.000000
0.000000
0.003430
0.000003
0.000001
0.003815
0.000104
0.000002
0.000001
0.000001
0.000001
0.000001
0.000001
0.000001
0.000001
0.000001
0.000001
0.000003
0.000000
0.000000
0.000001
0.000000
0.000001
0.000001
0.000000
0.000001
0.000000
0.000001
0.000001
0.000000
0.000001
0.000001
0.000001
0.000000
0.000001
0.000001
0.000001
0.000006
0.000001
0.000001
0.000000
0.000001
0.000001
0.000004
0.000002
0.002990
0.000008
0.000002
0.000001
0.000000
0.000000
0.000001
0.000000
0.000000
0.000000
0.000001
0.000001
0.000001
0.000000
0.000001
0.000001
0.000000
0.000000
0.000000
0.000002
0.003137
0.000006
0.000013
0.005240
0.000004
0.007882
0.000670
0.000115
0.000059
0.000002
0.000001
0.000058
0.000057
0.000002
0.000001
0.000001
0.000001
0.000001
0.000000
0.000001
0.000000
0.000002
0.000001
0.000001
0.000000
0.000001
0.000001
0.000001
0.000001
0.000001
0.000001
0.000001
0.000001
0.000001
0.000000
0.000000
0.000001
0.000002
0.000001
0.000001
0.000000
0.000000
0.000001
0.000000
0.000001
0.000000
0.000001
0.000000
0.000001
0.000000
0.000001
0.000001
0.004487
0.000003
0.000000
0.000001
0.000001
0.000000
0.000000
0.000000
0.000000
0.000000
0.000001
0.000001
0.000000
0.000000
0.000000
0.000001
0.011631
0.000004
0.000001
0.012357
0.000003
0.000001
0.009653
0.000489
0.000090
0.000002
0.000001
0.000001
0.000000
0.000000
0.000001
0.000001
0.000002
0.000001
0.000001
0.000001
0.000000
0.000001
0.000000
0.000001
0.000000
0.000002
0.000005
0.000001
0.000000
0.000001
0.000001
0.000000
0.000001
0.000001
0.000001
0.000001
0.000001
0.000000
0.000001
0.000001
0.000000
0.000002
0.000001
0.000000
0.000000
0.000001
0.000001
0.000001
0.015499
0.000002
0.000001
0.000000
0.000001
0.000001
0.000001
0.000000
0.000000
0.000000
0.000001
0.000000
0.000000
0.000001
0.000001
0.000001
0.000001
0.000001
0.008242
0.000003
0.000001
0.020513
0.000002
0.006994
0.000099
0.000003
0.000001
0.000000
0.000001
0.000000
0.000001
0.000001
0.000000
0.000001
0.000001
0.000000
0.000001
0.000000
0.000001
0.000000
0.000001
0.000002
0.000001
0.000001
0.000001
0.000001
0.000001
0.000001
0.000000
0.000001
0.005718
0.000073
0.000003
0.000001
0.000069
0.000002
0.000002
0.000001
0.000001
0.000001
0.000000
0.000001
0.000001
0.000001
0.000001
0.000001
0.000000
0.000001
0.000001
0.000001
0.000009
0.006243
0.000004
0.000001
0.000001
0.000001
0.000001
0.000001
0.000000
0.000001
0.007077
0.000006
0.000001
0.000002
0.000001
0.000001
0.000001
0.000001
0.000001
0.000000
0.000001
0.000001
0.000000
0.000000
0.000000
0.000000
0.000000
0.000000
0.000000
0.000001
0.000001
0.022305
0.000153
0.000127
0.000078
0.000002
0.000001
0.000001
0.000001
0.000000
0.000000
0.000000
0.000001
0.000000
0.000001
0.000001
0.000000
0.000000
0.000000
0.000000
0.000001
0.000001
0.000001
0.000001
0.000000
0.000000
0.000000
0.000000
0.000001
0.000001
0.000000
0.000000
0.000000
0.000000
0.000001
0.000001
0.000000
0.000001
0.000000
0.000000
0.000001
0.000001
0.000000
0.000000
0.000001
0.009772
0.000003
0.000000
0.006343
0.000009
0.000001
0.000001
0.000001
0.000002
0.000001
0.000001
0.000001
0.000002
0.000001
0.000001
0.000001
0.000001
0.001660
0.000120
0.000127
0.000131
0.000116
0.000164
0.000147
0.000085
0.000001
0.000001
0.000001
0.000001
0.000000
0.000000
0.000001
0.000001
0.000001
0.000000
0.000003
0.000001
0.000000
0.000001
0.000001
0.000000
0.000001
0.000001
0.000001
0.000001
0.000001
0.000001
0.000001
0.000000
0.000001
0.000001
0.000002
0.000000
0.000000
0.000001
0.000000
0.000001
0.000001
0.000001
0.000000
0.000001
0.000001
0.000001
0.000001
0.000000
0.000001
0.014766
0.000074
0.000002
0.000001
0.000000
0.000000
0.000000
0.000001
0.000001
0.000000
0.000001
0.000001
0.000000
0.005337
0.000004
0.000001
0.006685
0.000053
0.000001
0.000001
0.000000
0.000000
0.000001
0.000001
0.000001
0.000000
0.000001
0.000001
0.000000
0.000000
0.000000
0.000000
0.000000
0.000001
0.000000
0.000001
0.000000
0.000000
0.000000
0.000001
0.000000
0.000000
0.000001
0.000000
0.000001
0.000001
0.000000
0.000000
0.000001
0.004340
0.000048
0.000001
0.000001
0.000000
0.000000
0.000000
0.000000
0.000000
0.000000
0.000000
0.000000
0.000000
0.000000
0.000000
0.000000
0.000000
0.000000
0.007507
0.000076
0.000001
0.000000
0.000000
0.000000
0.000001
0.000000
0.000000
0.000000
0.003222
0.000085
0.000064
0.000002
0.000000
0.000000
0.000000
0.000001
0.000001
0.000000
0.000000
0.000000
0.000001
0.000001
0.000000
0.000000
0.000001
0.000000
0.000001
0.000001
0.000001
0.000001
0.000001
0.000000
0.000001
0.000001
0.000000
0.000000
0.000000
0.000001
0.000001
0.000000
0.000000
0.000001
0.000001
0.004981
0.000003
0.000002
0.002646
0.000102
0.000001
0.000000
0.000001
0.000001
0.000000
0.000001
0.000001
0.000000
0.000000
0.000000
0.000000
0.000001
0.000001
0.000001
0.006591
0.000004
0.002688
0.005234
0.000477
0.000086
0.000047
0.000049
0.000002
0.000001
0.000001
0.000001
0.000001
0.000001
0.000001
0.000049
0.000181
0.000063
0.000056
0.000129
0.000108
0.000233
0.000095
0.000044
0.000002
0.000000
0.000001
0.000000
0.000000
0.000001
0.000000
0.000001
0.000001
0.000001
0.000000
0.000001
0.000001
0.000001
0.000003
0.000001
0.000000
0.000000
0.000000
0.000000
0.000000
0.000000
0.006565
0.000003
0.000001
0.000000
0.000000
0.000000
0.000001
0.000001
0.004148
0.000004
0.000001
0.000000
0.000000
0.000000
0.000000
0.000001
0.000001
0.000001
0.000001
0.001938
0.000004
0.000001
0.005672
0.000002
0.000001
0.000001
0.000001
0.000000
0.001863
0.000004
0.000000
0.001353
0.000093
0.000059
0.000095
0.000001
0.000001
0.000000
0.000000
0.000000
0.000000
0.000000
0.000000
0.000000
0.000000
0.000001
0.000001
0.000000
0.000000
0.000000
0.000001
0.000000
0.000001
0.000001
0.000000
0.000000
0.000000
0.000001
0.000001
0.000000
0.000001
0.000001
0.004140
0.000004
0.000000
0.000001
0.000001
0.000001
0.000000
0.000000
0.000000
0.000000
0.000001
0.000001
0.000001
0.000001
0.000001
0.000001
0.000001
0.000001
0.000001
0.000001
0.000002
0.000000
0.002918
0.000004
0.000000
0.012904
0.000056
0.000001
0.000001
0.000001
0.000000
0.000001
0.000001
0.000000
0.000001
0.000001
0.000001
0.000000
0.000000
0.000000
0.000000
0.000000
0.000000
0.000000
0.000000
0.000000
0.003167
0.000060
0.000081
0.000053
0.000002
0.000001
0.000001
0.000000
0.000002
0.000000
0.000000
0.000000
0.000000
0.000000
0.000000
0.000000
0.000000
0.000000
0.000000
0.000000
0.000002
0.000000
0.000000
0.000000
0.000000
0.000001
0.000001
0.000001
0.000001
0.000001
0.000001
0.000001
0.000001
0.000001
0.000000
0.000001
0.000001
0.000001
0.000001
0.000001
0.000001
0.000000
0.006922
0.000003
0.000000
0.000000
0.000001
0.000000
0.000000
0.000000
0.000782
0.006990
0.000174
0.000093
0.000102
0.000044
0.000001
0.000000
0.000000
0.000000
0.000000
0.000000
0.000000
0.000000
0.000001
0.000001
0.000001
0.000001
0.000001
0.000002
0.000000
0.000000
0.000001
0.000000
0.000001
0.000001
0.000000
0.000000
0.000000
0.000001
0.000001
0.000001
0.000001
0.000001
0.000002
0.000001
0.000001
0.000000
0.000000
0.000000
0.000002
0.000000
0.000000
0.000000
0.000001
0.000001
0.000001
0.000000
0.004053
0.000003
0.000000
0.000001
0.000001
0.000001
0.000001
0.000001
0.001443
0.000002
0.000001
0.000001
0.000000
0.000001
0.000000
0.000000
0.000001
0.000001
0.000000
0.018405
0.000139
0.000003
0.000001
0.000001
0.000001
0.000001
0.000002
0.000001
0.000001
0.000001
0.000001
0.000001
0.000001
0.000001
0.002885
0.000179
0.000222
0.000077
0.000136
0.000062
0.000002
0.000001
0.000089
0.000041
0.000001
0.000001
0.000000
0.000000
0.000000
0.000001
0.000001
0.000002
0.000000
0.000000
0.000000
0.000001
0.000000
0.000000
0.000001
0.000001
0.000001
0.000000
0.000001
0.000000
0.000000
0.000000
0.000003
0.000001
0.000000
0.000046
0.000001
0.000001
0.000000
0.000001
0.000001
0.000001
0.000001
0.000001
0.000000
0.000001
0.000001
0.000000
0.000000
0.000000
0.009419
0.000004
0.000000
0.006218
0.000003
0.000001
0.000001
0.000000
0.000001
0.000001
0.000001
0.000001
0.000000
0.000000
0.000000
0.000000
0.005792
0.000003
0.000001
0.008549
0.000251
0.000188
0.000078
0.000066
0.000002
0.000000
0.000001
0.000001
0.000001
0.000001
0.000000
0.000001
0.000001
0.000001
0.000001
0.000000
0.000339
0.000079
0.000081
0.000074
0.000063
0.000163
0.000142
0.000002
0.000064
0.000039
0.000001
0.000000
0.000001
0.000001
0.000001
0.000000
0.000000
0.000000
0.000000
0.000001
0.000000
0.000001
0.000001
0.000000
0.000001
0.000001
0.000000
0.000000
0.000000
0.000000
0.000001
0.000001
0.000001
0.000001
0.000001
0.000000
0.000000
0.000000
0.000000
0.000000
0.000001
0.000001
0.000001
0.002372
0.000004
0.009107
0.000157
0.000042
0.000001
0.000000
0.000001
0.000000
0.000000
0.000000
0.000000
0.000001
0.000000
0.000000
0.000001
0.000001
0.000000
0.000001
0.000001
0.000003
0.000000
0.000001
0.000000
0.000000
0.010625
0.000003
0.000001
0.006802
0.000075
0.000002
0.000002
0.000001
0.000001
0.000000
0.000001
0.000000
0.000001
0.000001
0.000001
0.000001
0.000001
0.000000
0.000001
0.000001
0.000001
0.000000
0.000003
0.000001
0.000000
0.000001
0.000001
0.000001
0.000000
0.000001
0.000001
0.000001
0.000001
0.000000
0.000001
0.000001
0.000000
0.000002
0.000001
0.000001
0.000000
0.000001
0.000001
0.000000
0.000001
0.000000
0.000001
0.000001
0.000002
0.073071
0.000005
0.000001
0.000000
0.000000
0.000000
0.000000
0.000000
0.000000
0.000000
0.000000
0.000000
0.000000
0.000000
0.000000
0.000000
0.000000
0.067717
0.006028
0.000004
0.000556
0.000285
0.000001
0.001511
0.000005
0.000000
0.000002
0.000276
0.000819
0.000002
0.000903
0.000003
0.000001
0.000249
0.000261
0.000002
0.000194
0.000691
0.000074
0.000061
0.000063
0.000057
0.000001
0.000055
0.000045
0.000001
0.000001
0.000047
0.000002
0.000001
0.000001
0.000000
0.000000
0.000002
0.000000
0.000001
0.000001
0.000001
0.000000
0.000000
0.000000
0.000000
0.000001
0.000001
0.000000
0.000001
0.000001
0.000002
0.000000
0.000001
0.000001
0.000001
0.000000
0.000165
0.000001
0.000001
0.000399
0.001431
0.000004
0.000001
0.000001
0.000000
0.011766
0.000003
0.000001
0.000001
0.000000
0.000001
0.000001
0.000001
0.000000
0.002825
0.000070
0.000084
0.000061
0.000074
0.000002
0.000001
0.000000
0.000001
0.000001
0.000001
0.000001
0.000001
0.000001
0.000001
0.000000
0.000001
0.000000
0.000001
0.000002
0.000001
0.000001
0.000001
0.000000
0.000001
0.000001
0.000000
0.000000
0.000001
0.000000
0.000001
0.000000
0.000001
0.000000
0.000001
0.000002
0.000001
0.000000
0.000000
0.000001
0.000001
0.000001
0.000001
0.000001
0.000000
0.000000
0.000001
0.000000
0.000001
0.000000
0.000001
0.000001
0.000002
0.000001
0.000000
0.000001
0.000000
0.004755
0.000002
0.000001
0.006030
0.000110
0.000081
0.000058
0.000002
0.000000
0.000159
0.000129
0.000056
0.000002
0.000001
0.000000
0.000001
0.000000
0.000001
0.000001
0.000000
0.000002
0.000000
0.000001
0.000000
0.000001
0.000000
0.000001
0.000000
0.000001
0.000001
0.000001
0.000000
0.000001
0.000000
0.000001
0.000000
0.000002
0.001496
0.000125
0.000107
0.000052
0.000001
0.000000
0.000001
0.000001
0.000000
0.000001
0.000001
0.000017
0.000001
0.000001
0.000001
0.000001
0.000000
0.000000
0.000003
0.000001
0.000000
0.000001
0.000001
0.000001
0.000000
0.000141
0.000001
0.010775
0.000043
0.000002
0.000001
0.000000
0.000000
0.000001
0.000001
0.000001
0.000000
0.003128
0.000077
0.000079
0.000045
0.000001
0.000001
0.000000
0.000000
0.000001
0.000000
0.000001
0.000001
0.000001
0.000041
0.000001
0.000000
0.000000
0.000002
0.000001
0.000001
0.000000
0.000001
0.000001
0.000001
0.000000
0.000001
0.000001
0.000000
0.000000
0.000001
0.000150
0.000001
0.001632
0.000047
0.000001
0.000001
0.000001
0.000001
0.000001
0.000001
0.000001
0.000000
0.000000
0.000000
0.000001
0.000001
0.000000
0.000000
0.000001
0.000001
0.000000
0.000001
0.000001
0.000001
0.000000
0.000000
0.006228
0.000004
0.000001
0.007313
0.000115
0.000131
0.000077
0.000084
0.000040
0.000002
0.000001
0.000000
0.000000
0.000001
0.000001
0.000001
0.000001
0.000001
0.000000
0.000000
0.000001
0.000003
0.000001
0.000000
0.000000
0.000001
0.000000
0.000001
0.000001
0.000001
0.000001
0.000000
0.000000
0.000001
0.000001
0.000000
0.000000
0.000001
0.000000
0.000000
0.000000
0.000000
0.000001
0.000000
0.000000
0.000000
0.000001
0.000000
0.000000
0.000001
0.000001
0.000001
0.000001
0.000000
0.000000
0.000001
0.000000
0.000001
0.000000
0.000000
0.000000
0.001819
0.000003
0.000001
0.007522
0.000012
0.000000
0.004164
0.000003
0.000000
0.000000
0.000001
0.000000
0.000001
0.000000
0.000001
0.000000
0.000001
0.000000
0.000000
0.000001
0.000000
0.000001
0.000001
0.000001
0.000000
0.000001
0.000120
0.004371
0.000003
0.000000
0.005112
0.000003
0.000001
0.000001
0.000001
0.000001
0.000001
0.000001
0.000001
0.000077
0.000002
0.000001
0.000000
0.000000
0.000000
0.000000
0.000002
0.000001
0.000000
0.000000
0.000000
0.000001
0.000000
0.000000
0.000000
0.000001
0.000000
0.000000
0.000001
0.000001
0.000000
0.000002
0.000000
0.000000
0.000000
0.000000
0.000000
0.000001
0.000001
0.012861
0.000041
0.000001
0.000000
0.000001
0.000001
0.000000
0.000000
0.000000
0.000000
0.000001
0.000001
0.000001
0.000001
0.000000
0.000001
0.000001
0.000001
0.000000
0.000001
0.000000
0.000000
0.000001
0.000070
0.002408
0.000005
0.000001
0.007609
0.000087
0.000002
0.000001
0.000001
0.000069
0.000002
0.000001
0.000001
0.000002
0.000001
0.000001
0.000000
0.000001
0.000001
0.000000
0.000001
0.000002
0.000000
0.000002
0.000001
0.000002
0.000001
0.000001
0.000000
0.000000
0.000001
0.000001
0.000001
0.000001
0.000000
0.003745
0.000004
0.000001
0.000001
0.000001
0.000001
0.000001
0.007307
0.000005
0.000001
0.000001
0.000001
0.000000
0.000001
0.000001
0.000000
0.000001
0.000000
0.000001
0.013102
0.000138
0.000051
0.000002
0.000001
0.000000
0.000000
0.000001
0.000001
0.000001
0.000001
0.000001
0.000001
0.007766
0.000007
0.005890
0.000046
0.000002
0.000001
0.000000
0.000001
0.000000
0.000000
0.000001
0.000000
0.000000
0.000000
0.000000
0.000001
0.000000
0.000000
0.000000
0.000000
0.000003
0.000000
0.000000
0.000000
0.000000
0.000000
0.000000
0.000000
0.000000
0.000001
0.000001
0.000000
0.000001
0.000001
0.000001
0.000001
0.000001
0.000000
0.002385
0.000004
0.000001
0.000001
0.000001
0.000001
0.000001
0.000001
0.000001
0.000001
0.000001
0.000001
0.000001
0.000001
0.008803
0.000019
0.000014
0.005161
0.000004
0.000001
0.000000
0.000000
0.000000
0.000001
0.000001
0.000001
0.006607
0.000003
0.000001
0.000001
0.006117
0.000002
0.000000
0.011528
0.000005
0.000001
0.002049
0.000194
0.000324
0.000125
0.000070
0.000002
0.000000
0.000001
0.000000
0.000001
0.000000
0.000001
0.000000
0.000001
0.000001
0.000001
0.000001
0.000001
0.000001
0.000003
0.000001
0.000001
0.000001
0.000001
0.000001
0.000001
0.000001
0.000001
0.000001
0.000001
0.000001
0.000000
0.000001
0.000001
0.000000
0.005603
0.000002
0.000000
0.000000
0.000000
0.000582
0.000003
0.000000
0.000001
0.000001
0.000000
0.000001
0.000000
0.000001
0.000000
0.000001
0.000001
0.000001
0.000001
0.000001
0.000003
0.000001
0.000000
0.000001
0.000001
0.005638
0.000004
0.013671
0.000097
0.000075
0.000002
0.000001
0.000000
0.000001
0.000000
0.000003
0.000001
0.000000
0.000001
0.000001
0.000001
0.000001
0.000001
0.000000
0.000001
0.000001
0.000000
0.000004
0.000001
0.005352
0.000072
0.000002
0.000001
0.000001
0.000001
0.000001
0.000000
0.000001
0.000001
0.000001
0.000000
0.000001
0.000001
0.000001
0.000000
0.000001
0.000002
0.010557
0.000004
0.000001
0.010850
0.000372
0.000080
0.000002
0.000000
0.000001
0.000000
0.000000
0.000000
0.000000
0.000000
0.000000
0.000000
0.000000
0.000000
0.000000
0.000000
0.000003
0.000001
0.000001
0.000001
0.000000
0.000000
0.008375
0.000005
0.000000
0.006099
0.000004
0.000000
0.000001
0.000000
0.000000
0.000001
0.000001
0.000001
0.000001
0.000001
0.000001
0.000001
0.000001
0.008084
0.000003
0.000001
0.020554
0.000004
0.000001
0.016748
0.000137
0.000058
0.000001
0.000075
0.000116
0.000189
0.000086
0.000095
0.000086
0.000053
0.000080
0.000083
0.000002
0.000000
0.000001
0.000001
0.000000
0.000002
0.000001
0.000000
0.000001
0.000000
0.000000
0.000001
0.000001
0.000001
0.000001
0.000001
0.000001
0.000001
0.000001
0.000001
0.000001
0.000001
0.000000
0.000001
0.000001
0.000001
0.000001
0.000001
0.000000
0.000001
0.000001
0.000001
0.000001
0.000001
0.000001
0.000001
0.000001
0.000001
0.000001
0.000000
0.000001
0.000001
0.000001
0.000001
0.000001
0.000001
0.033329
0.000005
0.000001
0.011219
0.000003
0.000001
0.000001
0.000000
0.000000
0.000000
0.000001
0.000000
0.000001
0.000001
0.000001
0.000001
0.000001
0.000001
0.000001
0.000001
0.000001
0.000002
0.000000
0.016524
0.000004
0.000000
0.007274
0.000117
0.000139
0.000117
0.000044
0.000001
0.000001
0.000000
0.000000
0.000000
0.000000
0.000000
0.000001
0.000001
0.000001
0.000000
0.000004
0.000002
0.000000
0.000000
0.000000
0.000000
0.000000
0.000001
0.000000
0.000001
0.000001
0.000000
0.000000
0.000001
0.000001
0.000001
0.000001
0.000001
0.000000
0.000000
0.009871
0.000002
0.000000
0.000001
0.006598
0.000002
0.000000
0.000000
0.000000
0.000000
0.000001
0.000001
0.002533
0.000002
0.000001
0.000001
0.000001
0.000001
0.000001
0.000001
0.000001
0.000001
0.000001
0.000000
0.000000
0.000000
0.000001
0.000000
0.000000
0.000001
0.006753
0.000003
0.000001
0.000001
0.000001
0.000001
0.018854
0.000003
0.003989
0.000086
0.000060
0.000002
0.000053
0.000001
0.000000
0.000001
0.000000
0.000000
0.000000
0.000000
0.000000
0.000000
0.000000
0.000000
0.000001
0.000000
0.000000
0.000000
0.000000
0.000000
0.000000
0.000000
0.000000
0.000001
0.000001
0.000000
0.000001
0.000001
0.000001
0.000003
0.000000
0.000001
0.000000
0.000000
0.003215
0.000002
0.000001
0.000001
0.000001
0.000001
0.000001
0.000001
0.000001
0.000001
0.000000
0.000000
0.000001
0.000001
0.000000
0.000000
0.000001
0.000000
0.004404
0.000004
0.000000
0.002525
0.000002
0.000001
0.000000
0.000000
0.000000
0.007991
0.000004
0.000000
0.006673
0.000005
0.000001
0.000000
0.000001
0.000000
0.000001
0.000001
0.000000
0.006307
0.000005
0.000000
0.003388
0.000152
0.000002
0.000001
0.000001
0.000000
0.000000
0.000001
0.000001
0.000000
0.000001
0.000001
0.000000
0.000000
0.000001
0.000001
0.000000
0.000000
0.000001
0.000001
0.000003
0.000000
0.000000
0.000001
0.000001
0.000001
0.000000
0.000001
0.000001
0.000001
0.000001
0.000001
0.000001
0.004954
0.000005
0.000000
0.000000
0.000000
0.000001
0.000001
0.000001
0.000001
0.004725
0.000004
0.000000
0.002104
0.000004
0.000001
0.000001
0.000001
0.000001
0.008541
0.000075
0.000002
0.000000
0.000001
0.000001
0.000001
0.000001
0.000001
0.000000
0.000001
0.003205
0.000004
0.000001
0.003408
0.000014
0.000001
0.000001
0.000001
0.000001
0.000001
0.000001
0.000001
0.000001
0.000001
0.000001
0.000001
0.000001
0.000001
0.000382
0.000041
0.000001
0.000000
0.000000
0.000000
0.000001
0.000001
0.000001
0.000001
0.000000
0.000001
0.000000
0.015884
0.000003
0.000000
0.000001
0.000001
0.000001
0.000001
0.000000
0.000001
0.000001
0.000001
0.000000
0.000001
0.000001
0.007061
0.000004
0.000001
0.003899
0.000003
0.000001
0.000001
0.000000
0.000001
0.000001
0.000000
0.000001
0.000001
0.000157
0.000001
0.002713
0.000003
0.000000
0.000000
0.000000
0.000001
0.005781
0.000015
0.000001
0.014047
0.000051
0.000002
0.000000
0.000149
0.000057
0.000002
0.000060
0.000100
0.000044
0.000001
0.000000
0.000001
0.000000
0.000001
0.000001
0.000001
0.000003
0.000000
0.000001
0.000001
0.000000
0.000000
0.000000
0.000000
0.000001
0.000001
0.000000
0.000000
0.000001
0.000001
0.000001
0.000001
0.000001
0.000000
0.000000
0.000001
0.000000
0.000000
0.009847
0.000004
0.000001
0.000001
0.000001
0.000000
0.000001
0.000001
0.000000
0.000000
0.000000
0.000000
0.000000
0.000001
0.000000
0.000000
0.000000
0.000002
0.000001
0.000001
0.000000
0.000000
0.000001
0.012777
0.000004
0.000001
0.005790
0.000182
0.000119
0.000078
0.000105
0.000049
0.000001
0.000000
0.000000
0.000001
0.000000
0.000001
0.000001
0.000001
0.000001
0.000001
0.000001
0.000002
0.000001
0.000000
0.000000
0.000000
0.000000
0.000000
0.000001
0.000001
0.000001
0.000001
0.000000
0.000000
0.000000
0.000000
0.000001
0.000001
0.000001
0.000002
0.000001
0.000000
0.000000
0.000000
0.000000
0.000001
0.003083
0.000044
0.000001
0.000000
0.000000
0.000001
0.000001
0.000001
0.000001
0.000000
0.000001
0.000001
0.000001
0.000001
0.000001
0.000000
0.000001
0.000000
0.000003
0.000061
0.017510
0.000004
0.000000
0.003650
0.000075
0.000002
0.000000
0.000000
0.000001
0.000001
0.000001
0.000001
0.000001
0.000001
0.000001
0.000001
0.000000
0.000000
0.000000
0.000000
0.000002
0.000001
0.000001
0.000000
0.000000
0.000001
0.000001
0.004278
0.000048
0.000002
0.000000
0.000000
0.000000
0.000000
0.000000
0.000000
0.000001
0.000000
0.000000
0.000000
0.000000
0.000001
0.000001
0.000001
0.000000
0.000001
0.000001
0.000001
0.000000
0.000000
0.005552
0.000004
0.000001
0.000001
0.000000
0.000001
0.003625
0.000002
0.000001
0.000001
0.000001
0.000001
0.000001
0.000001
0.000001
0.000000
0.000001
0.008793
0.000044
0.000001
0.000000
0.000001
0.000000
0.000000
0.000001
0.000000
0.000001
0.000000
0.000000
0.000001
0.000001
0.000000
0.000000
0.000000
0.000000
0.000001
0.000000
0.000000
0.000000
0.000000
0.003585
0.000181
0.000054
0.000068
0.000052
0.000002
0.000000
0.000000
0.000001
0.000000
0.000000
0.000001
0.000000
0.000000
0.000000
0.000000
0.000001
0.000003
0.000000
0.000000
0.000000
0.000001
0.000001
0.010979
0.000003
0.000000
0.005957
0.000068
0.000056
0.000041
0.000001
0.000000
0.000000
0.000000
0.000000
0.000000
0.000000
0.000001
0.000001
0.000001
0.000001
0.000000
0.000001
0.000001
0.000002
0.000000
0.000000
0.000000
0.000000
0.000001
0.000001
0.000001
0.000000
0.000001
0.000001
0.000000
0.000000
0.000000
0.000001
0.000002
0.000001
0.000001
0.000000
0.000000
0.013917
0.000003
0.023211
0.000005
0.000000
0.000001
0.000001
0.000001
0.000000
0.000000
0.000001
0.007155
0.000094
0.000115
0.000060
0.000001
0.000001
0.000000
0.000001
0.000001
0.000000
0.000000
0.000000
0.000001
0.000000
0.000001
0.000001
0.000000
0.000001
0.000000
0.000003
0.000001
0.000002
0.000000
0.000001
0.000000
0.000001
0.000000
0.000001
0.000001
0.000001
0.000000
0.000001
0.000001
0.000000
0.000001
0.003092
0.000003
0.000000
0.000000
0.000000
0.000001
0.000001
0.000000
0.000000
0.000000
0.000001
0.000000
0.000000
0.004541
0.000005
0.000000
0.000001
0.000003
0.000000
0.000001
0.000001
0.010791
0.000004
0.000001
0.004866
0.000002
0.008794
0.000051
0.000002
0.000000
0.000001
0.000001
0.000001
0.000001
0.000000
0.000000
0.000000
0.000000
0.000000
0.000000
0.000000
0.000001
0.000001
0.000002
0.000001
0.000001
0.000001
0.000001
0.000001
0.000001
0.000001
0.000001
0.005930
0.000004
0.000001
0.000001
0.000001
0.000000
0.000001
0.000001
0.000001
0.000000
0.000001
0.000001
0.000000
0.000001
0.000001
0.000001
0.000001
0.000001
0.000004
0.000000
0.000001
0.000001
0.000001
0.000000
0.010483
0.000005
0.000001
0.000002
0.000001
0.000001
0.000001
0.000002
0.000001
0.000001
0.000001
0.020666
0.007328
0.000082
0.000002
0.000065
0.000001
0.000000
0.000001
0.000001
0.000001
0.000001
0.000001
0.000000
0.000000
0.000000
0.000000
0.000001
0.000001
0.000001
0.000002
0.000000
0.000000
0.000141
0.000002
0.000000
0.000179
0.000002
0.000000
0.000002
0.000000
0.000141
0.000001
0.000000
0.000227
0.000001
0.000000
0.000755
0.000060
0.000043
0.000001
0.000000
0.000000
0.000000
0.000000
0.000000
0.000001
0.005380
0.000072
0.000002
0.000002
0.000001
0.000001
0.000000
0.000001
0.000000
0.000001
0.000001
0.000001
0.000001
0.000001
0.000000
0.003851
0.000003
0.000001
0.000001
0.000001
0.008677
0.000004
0.006929
0.000003
0.000001
0.003029
0.000004
0.000000
0.000001
0.000001
0.000001
0.000001
0.000000
0.000000
0.000000
0.000000
0.000000
0.000000
0.000000
0.000001
0.009699
0.000004
0.000000
0.000000
0.000049
0.000001
0.000000
0.000001
0.000001
0.000001
0.000000
0.000000
0.000000
0.000000
0.000000
0.000001
0.000001
0.000000
0.000000
0.000000
0.000001
0.000001
0.000000
0.000000
0.000001
0.000001
0.000001
0.000001
0.000001
0.000000
0.000000
0.000000
0.000000
0.000001
0.000001
0.000001
0.000001
0.000000
0.000000
0.000000
0.000004
0.000000
0.000000
0.000000
0.000001
0.006549
0.000004
0.000000
0.010498
0.000003
0.000001
0.003801
0.000100
0.000003
0.000002
0.000001
0.000000
0.000001
0.000000
0.000001
0.000000
0.000001
0.000001
0.000000
0.000001
0.000001
0.000001
0.000001
0.000001
0.000001
0.000004
0.000001
0.000000
0.000001
0.000001
0.000001
0.000001
0.000000
0.000000
0.000001
0.006794
0.000003
0.000000
0.000002
0.000001
0.000000
0.000001
0.000000
0.000001
0.000001
0.000001
0.000001
0.000000
0.000000
0.000001
0.000001
0.000001
0.000001
0.000000
0.000000
0.000000
0.000001
0.000000
0.000000
0.000000
0.000000
0.000001
0.000000
0.000001
0.000001
0.000001
0.000001
0.000001
0.018025
0.000004
0.000001
0.004692
0.000004
0.000001
0.003172
0.000003
0.003741
0.000004
0.000001
0.000000
0.000000
0.000000
0.000000
0.000000
0.000000
0.000000
0.000000
0.000000
0.000000
0.000001
0.000001
0.000000
0.040158
0.000051
0.000002
0.000000
0.000001
0.000001
0.000001
0.000001
0.000001
0.000000
0.000001
0.000000
0.000001
0.000001
0.000001
0.000000
0.000000
0.000001
0.000001
0.000000
0.000000
0.000001
0.000001
0.000001
0.000001
0.000001
0.000001
0.000001
0.000000
0.000000
0.000000
0.000001
0.000000
0.000000
0.000001
0.000001
0.000001
0.000001
0.000001
0.000003
0.000000
0.000000
0.000000
0.000000
0.000000
0.000000
0.004596
0.000076
0.000002
0.000001
0.000001
0.000001
0.000000
0.000001
0.000001
0.000001
0.000001
0.000000
0.000001
0.000001
0.000001
0.000001
0.000000
0.000001
0.015086
0.000004
0.000000
0.006912
0.000002
0.000000
0.000000
0.000000
0.000001
0.000000
0.000001
0.000001
0.000000
0.009121
0.000003
0.000001
0.000001
0.000000
0.000000
0.000000
0.000001
0.000000
0.000000
0.000000
0.006444
0.000003
0.000000
0.000001
0.000001
0.000000
0.004945
0.000004
0.000075
0.000137
0.000068
0.000002
0.000002
0.000001
0.000001
0.000000
0.000001
0.000001
0.000000
0.000001
0.000001
0.000001
0.000001
0.000000
0.000001
0.000001
0.000001
0.000000
0.000001
0.000062
0.000002
0.000001
0.000001
0.000000
0.000001
0.000001
0.000001
0.000001
0.000000
0.000000
0.000000
0.000000
0.000000
0.000000
0.000000
0.000000
0.000003
0.000001
0.000001
0.000001
0.000001
0.000001
0.000001
0.000001
0.000001
0.000001
0.000000
0.000000
0.000000
0.000000
0.001596
0.000004
0.000001
0.000000
0.000000
0.000000
0.004006
0.004743
0.000008
0.000013
0.000005
0.000004
0.000004
0.000003
0.000004
0.000002
0.000003
0.008644
0.000003
0.000002
0.008582
0.000013
0.000001
0.000001
0.000001
0.000001
0.000002
0.000001
0.000001
0.000001
0.000001
0.000000
0.000001
0.000001
0.000000
0.000001
0.000001
0.000000
0.000001
0.000001
0.000000
0.000001
0.000000
0.000001
0.000001
0.000001
0.000000
0.000004
0.000000
0.000001
0.000001
0.000000
0.000001
0.000001
0.000000
0.004919
0.000003
0.000000
0.000000
0.000001
0.000000
0.000000
0.000000
0.000000
0.000001
0.000000
0.000000
0.000001
0.000000
0.000000
0.000001
0.000001
0.000001
0.000001
0.000001
0.000000
0.000000
0.000000
0.000000
0.000003
0.000000
0.000000
0.000000
0.012811
0.000004
0.000000
0.005413
0.001562
0.000002
0.009469
0.000004
0.001255
0.001200
0.000003
0.001276
0.002263
0.000003
0.000000
0.000001
0.000563
0.000973
0.000004
0.004907
0.002885
0.000002
0.003682
0.000057
0.000001
0.000000
0.000003
0.000002
0.000000
0.000001
0.000000
0.000001
0.000001
0.000000
0.000000
0.006959
0.000003
0.000001
0.000000
0.000000
0.000000
0.000001
0.000001
0.000001
0.000001
0.000001
0.000001
0.000001
0.000001
0.000001
0.000001
0.000001
0.000000
0.000000
0.000000
0.000000
0.000000
0.000000
0.000000
0.000000
0.000000
0.000000
0.000001
0.000000
0.000001
0.000001
0.000000
0.000000
0.000000
0.000000
0.000001
0.000000
0.013275
0.000003
0.000001
0.000001
0.000001
0.000000
0.000000
0.000000
0.000000
0.000000
0.000000
0.007605
0.000086
0.000001
0.000000
0.000001
0.000000
0.000000
0.000001
0.000000
0.000000
0.000000
0.000000
0.007224
0.000004
0.005139
0.000004
0.000001
0.000001
0.000000
0.000001
0.007720
0.000003
0.000001
0.000001
0.000000
0.000001
0.000001
0.000001
0.003281
0.000127
0.000059
0.000002
0.000064
0.000064
0.000048
0.000001
0.000000
0.000001
0.000000
0.000001
0.000001
0.000000
0.000001
0.000001
0.000001
0.000001
0.000003
0.000001
0.000001
0.000001
0.000000
0.000000
0.000000
0.000000
0.000000
0.000000
0.000001
0.000001
0.000000
0.000000
0.000000
0.000002
0.000002
0.000000
0.000000
0.000001
0.000001
0.000001
0.000001
0.000001
0.000001
0.000000
0.000000
0.000001
0.000001
0.000000
0.000000
0.008407
0.000006
0.000001
0.004083
0.000002
0.000001
0.000001
0.000001
0.000000
0.012141
0.000004
0.000001
0.009193
0.000004
0.000001
0.000000
0.000001
0.000001
0.000000
0.000001
0.004510
0.000002
0.000001
0.000001
0.000001
0.000001
0.000001
0.000001
0.000001
0.000001
0.000001
0.000000
0.000000
0.000000
0.000000
0.000000
0.000000
0.000000
0.000000
0.000000
0.000000
0.000001
0.000001
0.000001
0.000001
0.000001
0.000001
0.000001
0.000001
0.000001
0.000001
0.000001
0.000001
0.001574
0.000005
0.000001
0.000001
0.000000
0.000071
0.000002
0.000001
0.000000
0.000002
0.000001
0.000001
0.000001
0.000001
0.000001
0.000001
0.000000
0.000000
0.000000
0.000001
0.000000
0.011882
0.000004
0.000000
0.009572
0.000002
0.005592
0.009096
0.000076
0.000059
0.000001
0.000003
0.000002
0.000001
0.000001
0.000000
0.000000
0.000001
0.000001
0.000000
0.000170
0.000179
0.000057
0.000002
0.000001
0.000000
0.000001
0.000001
0.000000
0.000001
0.000208
0.000001
0.000001
0.000188
0.000001
0.000001
0.000292
0.000002
0.000002
0.000001
0.000000
0.000000
0.000201
0.000001
0.000000
0.000001
0.000448
0.000002
0.005681
0.000004
0.000001
0.000001
0.000001
0.000070
0.000141
0.000210
0.000098
0.000046
0.000001
0.000001
0.000001
0.000000
0.000003
0.000000
0.000001
0.000183
0.018678
0.000004
0.000001
0.016743
0.000887
0.000114
0.000069
0.000002
0.000001
0.000072
0.000002
0.000000
0.000000
0.000001
0.000068
0.000002
0.000000
0.000001
0.000002
0.000001
0.000000
0.000001
0.000001
0.000001
0.000000
0.000159
0.000002
0.000001
0.000188
0.000001
0.000001
0.000266
0.000001
0.000001
0.000242
0.000002
0.000000
0.000001
0.000000
0.000098
0.000165
0.000180
0.000002
0.000173
0.005259
0.000003
0.000001
0.000001
0.000000
0.000000
0.000001
0.000001
0.000000
0.000260
0.000002
0.000000
0.000001
0.000211
0.000001
0.000001
0.000980
0.000002
0.000001
0.000001
0.000001
0.011251
0.000002
0.000000
0.002502
0.000001
0.000000
0.002852
0.000027
0.000021
0.016098
0.000076
0.000084
0.000129
0.000076
0.000002
0.000001
0.000001
0.000001
0.000000
0.000001
0.000002
0.000000
0.000001
0.000001
0.000001
0.000005
0.000001
0.000001
0.000000
0.000001
0.000350
0.000003
0.000001
0.000000
0.000135
0.000156
0.000076
0.000175
0.000002
0.000001
0.000000
0.000001
0.000000
0.000001
0.000002
0.000000
0.000001
0.000000
0.000583
0.000002
0.000001
0.004182
0.000003
0.000001
0.000001
0.000001
0.000001
0.000001
0.000000
0.000000
0.009324
0.001618
0.000045
0.000002
0.000001
0.000001
0.000000
0.000001
0.000000
0.000001
0.000000
0.000000
0.000001
0.000149
0.004373
0.000002
0.000001
0.016024
0.000004
0.000001
0.000000
0.004388
0.000152
0.000161
0.000202
0.000168
0.000110
0.000208
0.000091
0.000104
0.000002
0.000000
0.000001
0.000001
0.000000
0.000000
0.000001
0.000002
0.000001
0.000001
0.000000
0.000000
0.000000
0.000001
0.000001
0.000001
0.000000
0.000000
0.000001
0.000000
0.000000
0.000002
0.000000
0.000000
0.000000
0.000000
0.000000
0.000000
0.000000
0.000000
0.000000
0.000000
0.000000
0.000000
0.002131
0.003357
0.000008
0.000782
0.004558
0.007301
0.000003
0.000001
0.000001
0.000001
0.000000
0.000001
0.000001
0.000000
0.000000
0.000001
0.000000
0.000001
0.000001
0.000001
0.000001
0.000001
0.000002
0.000001
0.000001
0.000001
0.000001
0.000001
0.000000
0.000000
0.000001
0.000001
0.000000
0.000001
0.000001
0.000000
0.009395
0.000059
0.000001
0.000001
0.000000
0.000001
0.000001
0.000001
0.000000
0.000001
0.000000
0.000000
0.000001
0.000001
0.000000
0.000001
0.000001
0.000001
0.000001
0.000001
0.000000
0.000004
0.000001
0.000001
0.000000
0.000000
0.000001
0.000337
0.000002
0.000001
0.000000
0.000000
0.000000
0.000000
0.000952
0.000082
0.000002
0.000000
0.000001
0.000001
0.000001
0.000000
0.000001
0.000000
0.000001
0.012774
0.000002
0.000001
0.000000
0.000000
0.000001
0.004741
0.003870
0.000066
0.000062
0.000002
0.000000
0.000001
0.000001
0.000001
0.000001
0.000000
0.000000
0.000001
0.000000
0.000001
0.000146
0.000083
0.000120
0.000066
0.000055
0.000067
0.000038
0.000002
0.000001
0.000001
0.000001
0.000000
0.000000
0.000000
0.000000
0.000000
0.000001
0.000000
0.000000
0.000002
0.000001
0.000002
0.000352
0.000002
0.000000
0.000001
0.000000
0.000001
0.000396
0.000002
0.000001
0.000000
0.000157
0.000001
0.001594
0.000080
0.000001
0.000000
0.000001
0.000001
0.000001
0.000000
0.000000
0.000000
0.000000
0.022329
0.000104
0.000096
0.000003
0.000002
0.000155
0.000002
0.000001
0.000001
0.000001
0.000000
0.000001
0.000067
0.000002
0.000001
0.000001
0.000055
0.000002
0.000001
0.000145
0.000071
0.000099
0.000077
0.000059
0.000001
0.000001
0.000001
0.000000
0.000001
0.000001
0.000001
0.000000
0.000001
0.000181
0.000087
0.000078
0.000055
0.000001
0.000000
0.000001
0.000000
0.000001
0.000089
0.000057
0.000002
0.000001
0.000001
0.000274
0.002447
0.000004
0.000001
0.000001
0.000001
0.000001
0.000001
0.000000
0.000000
0.000001
0.000000
0.000000
0.000001
0.000000
0.000001
0.000001
0.000001
0.023151
0.000002
0.000001
0.000000
0.000000
0.000000
0.000000
0.000000
0.000178
0.000001
0.000000
0.000000
0.000119
0.000000
0.000000
0.000187
0.000298
0.000001
0.000194
0.000284
0.000001
0.000001
0.000373
0.000220
0.000001
0.000122
0.000402
0.000001
0.000493
0.000001
0.000183
0.000001
0.000000
0.000116
0.000002
0.000000
0.000000
0.000001
0.000114
0.000094
0.000483
0.000098
0.000076
0.000002
0.000000
0.000001
0.000001
0.000000
0.000001
0.000000
0.000001
0.000000
0.000179
0.000222
0.000000
0.003234
0.000003
0.000001
0.000001
0.002311
0.000003
0.000001
0.000001
0.000001
0.000000
0.000001
0.015394
0.006350
0.000016
0.000002
0.000002
0.000002
0.000001
0.000006
0.000001
0.000002
0.000001
0.000002
0.000001
0.000002
0.000001
0.000002
0.004009
0.000084
0.000073
0.000003
0.000001
0.000001
0.000000
0.000001
0.000001
0.000000
0.000001
0.000001
0.000001
0.000000
0.000001
0.000000
0.000000
0.000150
0.000418
0.000056
0.000001
0.000001
0.000001
0.000001
0.000001
0.000001
0.000001
0.000001
0.000000
0.000000
0.000001
0.000001
0.000001
0.000001
0.000002
0.002782
0.000003
0.000001
0.000001
0.000001
0.000000
0.002807
0.000002
0.000001
0.000001
0.000000
0.000000
0.001456
0.000002
0.004639
0.000001
0.000000
0.005392
0.000003
0.000000
0.002414
0.000004
0.000000
0.000073
0.000052
0.000002
0.000000
0.000001
0.000001
0.000000
0.000001
0.000000
0.000001
0.000000
0.000001
0.000001
0.000001
0.000001
0.000003
0.000001
0.000002
0.000001
0.000000
0.000135
0.000002
0.000001
0.000298
0.000001
0.000001
0.000177
0.000001
0.000001
0.000381
0.000002
0.000000
0.000170
0.000002
0.000001
0.000001
0.000000
0.000001
0.000221
0.000002
0.000000
0.000002
0.000122
0.001709
0.000002
0.000001
0.000000
0.000001
0.000000
0.001330
0.000002
0.000001
0.000000
0.000001
0.000000
0.000000
0.000000
0.005514
0.000777
0.000003
0.007022
0.000004
0.000001
0.011648
0.000004
0.000000
0.000002
0.000001
0.000001
0.000001
0.000001
0.000000
0.000001
0.000001
0.000001
0.000000
0.000169
0.000366
0.000001
0.000381
0.000002
0.000001
0.000107
0.000084
0.000412
0.000003
0.000173
0.000001
0.000001
0.000231
0.000599
0.000003
0.001422
0.000007
0.000005
0.000001
0.000001
0.000001
0.000001
0.000291
0.000002
0.000001
0.000245
0.000371
0.000002
0.000001
0.000389
0.000002
0.000248
0.000583
0.000003
0.001663
0.000006
0.000001
0.000001
0.000002
0.000001
0.000000
0.000001
0.000001
0.000002
0.000001
0.008636
0.000003
0.000001
0.000001
0.000001
0.000001
0.000001
0.000001
0.000001
0.000000
0.000001
0.000001
0.003328
0.000002
0.000000
0.005650
0.000003
0.000001
0.000000
0.000000
0.000000
0.003079
0.000001
0.000000
0.005777
0.000069
0.000002
0.000001
0.000001
0.000001
0.000001
0.000001
0.000001
0.000000
0.000001
0.000001
0.000000
0.000001
0.000001
0.000001
0.000001
0.000002
0.000000
0.000001
0.000000
0.000000
0.000000
0.000001
0.000000
0.000001
0.000000
0.000000
0.000000
0.000001
0.000002
0.000000
0.000001
0.000000
0.000001
0.000000
0.000000
0.000000
0.000000
0.000000
0.000001
0.009337
0.000116
0.000081
0.000056
0.000074
0.000055
0.000058
0.000002
0.000001
0.000000
0.000000
0.000001
0.000001
0.000001
0.000001
0.000001
0.000001
0.000003
0.000000
0.000001
0.000000
0.000001
0.000001
0.000194
0.007706
0.000004
0.010695
0.000083
0.000003
0.000001
0.000122
0.000249
0.000100
0.000091
0.000085
0.000078
0.000002
0.000000
0.000001
0.000001
0.000000
0.000001
0.000000
0.000001
0.000000
0.000000
0.000002
0.000001
0.000001
0.000001
0.000001
0.000001
0.000001
0.000000
0.000001
0.000088
0.000078
0.000094
0.000045
0.000002
0.000001
0.000002
0.000001
0.000001
0.000001
0.000000
0.000000
0.000000
0.000000
0.000000
0.000001
0.000001
0.000001
0.000263
0.002586
0.000002
0.003077
0.000004
0.000001
0.000001
0.000000
0.000001
0.000000
0.000000
0.000001
0.000001
0.000001
0.000000
0.000001
0.000001
0.003713
0.000850
0.000002
0.000001
0.000000
0.000000
0.005008
0.000118
0.000171
0.000307
0.000071
0.000002
0.000001
0.000001
0.000000
0.000130
0.000002
0.000001
0.000001
0.000001
0.000001
0.000000
0.000000
0.000001
0.000001
0.000001
0.000002
0.000001
0.000001
0.000001
0.000001
0.000001
0.000001
0.000001
0.000001
0.000001
0.000001
0.000001
0.000169
0.000001
0.000001
0.000194
0.000002
0.000147
0.004164
0.000004
0.000001
0.003222
0.000005
0.000001
0.000001
0.000072
0.000002
0.000001
0.000001
0.000001
0.000001
0.000001
0.000000
0.000001
0.000001
0.000000
0.000001
0.000001
0.000163
0.003883
0.000003
0.000000
0.001382
0.000003
0.000000
0.000001
0.000000
0.003413
0.000004
0.000001
0.000000
0.000000
0.000000
0.000001
0.000000
0.000000
0.000000
0.000000
0.000000
0.000000
0.000000
0.000000
0.000001
0.008787
0.000005
0.000001
0.000001
0.000001
0.000000
0.000203
0.000062
0.000002
0.000001
0.000000
0.000000
0.000000
0.000000
0.000000
0.000001
0.000001
0.000001
0.000001
0.000000
0.000000
0.000000
0.000138
0.000283
0.000002
0.000260
0.000234
0.000001
0.000333
0.000002
0.000001
0.000384
0.000788
0.000003
0.002250
0.000003
0.000000
0.000001
0.001236
0.000062
0.000002
0.000001
0.000000
0.000001
0.000000
0.000000
0.000001
0.000000
0.005527
0.000003
0.000001
0.002625
0.000003
0.000001
0.004327
0.000077
0.000001
0.000001
0.000000
0.000000
0.000001
0.000001
0.000001
0.000000
0.000001
0.000001
0.000001
0.000000
0.004025
0.000005
0.000000
0.004849
0.000002
0.000000
0.002784
0.000003
0.000000
0.000003
0.000001
0.000001
0.000000
0.000000
0.000001
0.000000
0.000000
0.000001
0.000000
0.000001
0.000001
0.000001
0.000000
0.000001
0.000000
0.002786
0.000081
0.000081
0.000002
0.000000
0.000000
0.000000
0.000001
0.000001
0.000001
0.000001
0.000000
0.000000
0.000000
0.000001
0.000001
0.000001
0.000000
0.000000
0.000001
0.000000
0.000000
0.000001
0.000000
0.000001
0.000001
0.000001
0.000127
0.000001
0.000002
0.000001
0.000384
0.002486
0.000002
0.000856
0.000063
0.000002
0.000001
0.000001
0.000001
0.000001
0.000001
0.000001
0.000000
0.003163
0.000002
0.000000
0.001763
0.000004
0.000000
0.000000
0.002945
0.000077
0.000001
0.000001
0.000001
0.000000
0.000000
0.000000
0.000001
0.000001
0.000001
0.000000
0.000547
0.000063
0.000001
0.000000
0.000000
0.000000
0.000000
0.000000
0.000000
0.000001
0.001821
0.000002
0.000000
0.000001
0.000000
0.000001
0.000003
0.001919
0.000004
0.000001
0.000000
0.000000
0.000000
0.000000
0.000001
0.000000
0.000000
0.000001
0.000000
0.000045
0.000001
0.000000
0.000000
0.000000
0.000001
0.000000
0.000000
0.000000
0.000001
0.000000
0.000000
0.000001
0.000002
0.000001
0.000000
0.000000
0.007813
0.000002
0.000001
0.002564
0.000009
0.000001
0.003676
0.000003
0.000000
0.000000
0.000000
0.000000
0.000000
0.000000
0.000001
0.000000
0.000001
0.000001
0.000000
0.000000
0.000001
0.000000
0.000001
0.000001
0.000001
0.000000
0.000001
0.000000
0.000000
0.000000
0.000001
0.000000
0.000000
0.000000
0.000003
0.000000
0.000000
0.000001
0.000000
0.000000
0.000000
0.000001
0.000001
0.002914
0.000004
0.000000
0.001181
0.000091
0.000058
0.000002
0.000001
0.000001
0.000000
0.000001
0.000001
0.000001
0.000000
0.000001
0.000000
0.000001
0.000000
0.000001
0.000234
0.000002
0.000000
0.000000
0.015043
0.000072
0.000003
0.000001
0.000000
0.000001
0.000001
0.000000
0.000001
0.000001
0.000000
0.000001
0.000000
0.000001
0.000001
0.000001
0.000000
0.000004
0.000000
0.000001
0.000001
0.000000
0.000000
0.000001
0.000000
0.000001
0.000001
0.000000
0.000000
0.000000
0.000001
0.000000
0.000001
0.000001
0.000000
0.000001
0.000001
0.000001
0.000001
0.000000
0.000000
0.000000
0.000001
0.000001
0.000001
0.000000
0.000001
0.000001
0.000000
0.000000
0.000001
0.000000
0.000001
0.000001
0.000001
0.003308
0.000006
0.000957
0.000002
0.000001
0.000000
0.000001
0.000001
0.000001
0.000000
0.005258
0.000004
0.001802
0.004670
0.000004
0.000001
0.000198
0.000002
0.000000
0.000000
0.000001
0.000001
0.000000
0.000000
0.000001
0.000001
0.000001
0.000000
0.000000
0.000000
0.000000
0.000001
0.000001
0.000001
0.000000
0.000001
0.000001
0.000000
0.000001
0.000001
0.000001
0.000000
0.000001
0.000000
0.000001
0.000004
0.000001
0.000001
0.000001
0.000000
0.000001
0.000001
0.000000
0.000001
0.000001
0.000001
0.000000
0.000000
0.000000
0.000000
0.000001
0.000001
0.000001
0.000000
0.000000
0.000002
0.000000
0.000000
0.000000
0.000001
0.000001
0.000000
0.000000
0.000001
0.000001
0.000001
0.007793
0.000004
0.000001
0.002661
0.000081
0.000098
0.000047
0.000002
0.000001
0.000001
0.000001
0.000001
0.000001
0.000071
0.000047
0.000002
0.000001
0.000001
0.000001
0.000001
0.000001
0.000001
0.000001
0.000000
0.000001
0.000001
0.000107
0.000002
0.000000
0.000001
0.000095
0.000062
0.000001
0.000001
0.000045
0.000002
0.000003
0.000000
0.000001
0.000001
0.000000
0.000000
0.000001
0.000001
0.000000
0.000000
0.000000
0.000001
0.000001
0.000000
0.000000
0.000001
0.000001
0.000000
0.000009
0.000001
0.000001
0.000000
0.000001
0.000001
0.000000
0.000000
0.000150
0.003685
0.000003
0.002300
0.004961
0.000002
0.000843
0.000083
0.000005
0.000144
0.000004
0.000001
0.000000
0.000002
0.000001
0.000000
0.000001
0.000001
0.000001
0.000001
0.000001
0.000004
0.000001
0.000001
0.000001
0.000001
0.000001
0.000001
0.000000
0.000001
0.000001
0.000001
0.000000
0.000001
0.000001
0.000000
0.000001
0.000002
0.000001
0.000001
0.000002
0.000001
0.000001
0.000001
0.000000
0.000001
0.000001
0.000000
0.000001
0.000001
0.000002
0.000000
0.000001
0.000001
0.000068
0.000002
0.000001
0.000000
0.000001
0.000001
0.000000
0.000001
0.000001
0.000000
0.000001
0.000000
0.000000
0.000001
0.005937
0.000004
0.000001
0.008852
0.000205
0.000335
0.000066
0.000039
0.000001
0.000000
0.000001
0.000000
0.000000
0.000001
0.000001
0.000001
0.000000
0.000001
0.000001
0.000002
0.000000
0.000000
0.000002
0.000000
0.000000
0.000001
0.000001
0.000002
0.000001
0.000001
0.000001
0.000001
0.000000
0.000000
0.000001
0.000004
0.000001
0.000001
0.000018
0.000009
0.000011
0.000018
0.000000
0.000002
0.000001
0.001772
0.000109
0.000001
0.000001
0.000000
0.000000
0.000001
0.000001
0.000001
0.000001
0.000001
0.000000
0.000001
0.000001
0.000001
0.000000
0.000002
0.000000
0.000000
0.000001
0.000000
0.006503
0.000004
0.000001
0.000766
0.000001
0.000001
0.000000
0.000176
0.006397
0.000005
0.000002
0.000001
0.000001
0.000001
0.000002
0.000000
0.000001
0.000002
0.000002
0.000002
0.000002
0.000002
0.000001
0.000003
0.000001
0.000000
0.000002
0.000001
0.000000
0.000001
0.000001
0.000001
0.000001
0.000001
0.000001
0.000001
0.000001
0.000001
0.000000
0.000002
0.000223
0.000003
0.000000
0.000001
0.000001
0.002402
0.000005
0.000001
0.000778
0.000003
0.000001
0.000000
0.000001
0.000001
0.000000
0.000001
0.000001
0.000000
0.000000
0.000001
0.000001
0.001264
0.000004
0.000001
0.000000
0.002430
0.000004
0.000001
0.003029
0.000003
0.000000
0.000001
0.004281
0.000047
0.000094
0.000083
0.000042
0.000002
0.000001
0.000001
0.000001
0.000002
0.000000
0.000002
0.000000
0.000001
0.000000
0.000244
0.000001
0.000000
0.000000
0.000000
0.000000
0.000138
0.000339
0.000002
0.000000
0.000000
0.000000
0.000001
0.000254
0.000002
0.000000
0.002884
0.000002
0.000001
0.000001
0.000000
0.000001
0.000001
0.000001
0.000000
0.000000
0.000000
0.000000
0.000000
0.000000
0.000001
0.000001
0.000002
0.000000
0.000000
0.000001
0.000001
0.000001
0.000001
0.000001
0.000001
0.000000
0.000001
0.000000
0.004696
0.000004
0.000000
0.004780
0.000230
0.000091
0.000072
0.000003
0.000001
0.000000
0.000002
0.000001
0.000000
0.000001
0.000001
0.000001
0.000001
0.000001
0.000001
0.000002
0.000001
0.000000
0.000001
0.000001
0.000001
0.000000
0.000001
0.000000
0.000001
0.000002
0.000001
0.000001
0.000001
0.000000
0.000000
0.000000
0.000001
0.000000
0.000000
0.000001
0.000001
0.000008
0.000000
0.000001
0.000001
0.000001
0.000001
0.000001
0.000861
0.000002
0.000172
0.001606
0.000005
0.000000
0.000001
0.000001
0.000000
0.000001
0.000001
0.000001
0.000000
0.000001
0.000000
0.000000
0.000001
0.012706
0.005486
0.000002
0.000001
0.000001
0.000000
0.000000
0.000000
0.000001
0.000001
0.000001
0.002524
0.000005
0.003697
0.002466
0.000001
0.010404
0.000062
0.000003
0.000068
0.000002
0.000001
0.000001
0.000001
0.000001
0.000001
0.000001
0.000000
0.000000
0.000000
0.000000
0.000001
0.000000
0.000000
0.000000
0.000000
0.000001
0.000001
0.000001
0.000001
0.000003
0.000001
0.000001
0.000000
0.000001
0.000000
0.000000
0.000000
0.000000
0.000001
0.000001
0.000001
0.000001
0.000001
0.000001
0.000000
0.000000
0.000001
0.000000
0.000000
0.000001
0.000000
0.000002
0.000000
0.000000
0.000001
0.000001
0.000000
0.000467
0.000002
0.000001
0.000000
0.000001
0.000001
0.000001
0.000116
0.000001
0.007922
0.000004
0.000000
0.000001
0.000000
0.000001
0.000000
0.000001
0.000001
0.000001
0.000001
0.000000
0.000001
0.000000
0.000001
0.000001
0.000002
0.000000
0.000001
0.000001
0.000001
0.000001
0.000000
0.000001
0.009797
0.000093
0.000058
0.000002
0.000151
0.000055
0.000038
0.000001
0.000001
0.000000
0.000000
0.000001
0.000001
0.000000
0.000000
0.000000
0.000002
0.000000
0.000001
0.000001
0.000000
0.000000
0.000001
0.000000
0.000001
0.000001
0.000000
0.000000
0.000001
0.000001
0.000000
0.000001
0.000001
0.000001
0.000134
0.000001
0.005419
0.000003
0.006108
0.000123
0.000050
0.000067
0.000001
0.000000
0.000000
0.000001
0.000000
0.000001
0.000001
0.000001
0.000041
0.000001
0.000001
0.000001
0.000001
0.000000
0.000002
0.000001
0.000001
0.000001
0.000000
0.000001
0.000001
0.000001
0.000000
0.000001
0.000001
0.002321
0.000003
0.000001
0.002453
0.000097
0.000065
0.000088
0.000083
0.000102
0.000075
0.000001
0.000000
0.000000
0.000000
0.000001
0.000001
0.000000
0.000001
0.000002
0.000001
0.000001
0.000001
0.000001
0.000000
0.000000
0.000000
0.000000
0.000589
0.000003
0.000001
0.000000
0.000003
0.000001
0.000000
0.008495
0.000004
0.000001
0.000000
0.000001
0.000000
0.006420
0.000166
0.000006
0.000002
0.000001
0.000001
0.000000
0.000002
0.000001
0.000001
0.000001
0.000002
0.000002
0.000002
0.000001
0.000001
0.000002
0.000002
0.000002
0.000002
0.000001
0.000001
0.000009
0.000001
0.000001
0.000001
0.000001
0.000001
0.000001
0.000001
0.000002
0.000002
0.004419
0.000004
0.000001
0.000000
0.000001
0.000000
0.004555
0.000005
0.000001
0.000001
0.000000
0.000001
0.000000
0.000001
0.000001
0.000000
0.000001
0.000001
0.000001
0.000000
0.000001
0.000001
0.000000
0.000001
0.000001
0.000000
0.000001
0.006048
0.000060
0.000002
0.000000
0.000001
0.000001
0.000001
0.000001
0.000000
0.000000
0.000001
0.000000
0.000000
0.000001
0.000000
0.000001
0.000001
0.000003
0.000001
0.000000
0.000001
0.000001
0.000000
0.000001
0.000000
0.000000
0.000001
0.000001
0.000000
0.000000
0.000001
0.000194
0.008979
0.000004
0.000001
0.005380
0.000016
0.002742
0.000114
0.000064
0.000003
0.000000
0.000001
0.000000
0.000000
0.000001
0.000001
0.000001
0.000000
0.000000
0.000001
0.000001
0.000001
0.000001
0.000000
0.000002
0.000001
0.000001
0.000000
0.000003
0.000001
0.000001
0.000001
0.000001
0.000001
0.000002
0.000000
0.000001
0.000002
0.000001
0.000001
0.000430
0.000007
0.000001
0.000000
0.000001
0.000001
0.000001
0.000001
0.000002
0.002548
0.000060
0.000001
0.000000
0.000001
0.000000
0.000000
0.000000
0.000000
0.000000
0.000000
0.000001
0.000000
0.000000
0.000001
0.000001
0.000001
0.000001
0.006525
0.000887
0.000050
0.000001
0.000001
0.000000
0.000000
0.000000
0.000000
0.000001
0.000001
0.000001
0.000000
0.000000
0.000000
0.001142
0.000004
0.000001
0.000000
0.000001
0.000001
0.010528
0.000003
0.000001
0.000001
0.000000
0.000001
0.000001
0.000000
0.000001
0.000000
0.000001
0.000001
0.000000
0.001434
0.000003
0.000001
0.000001
0.000000
0.000001
0.000000
0.000000
0.000001
0.000000
0.001626
0.000004
0.005712
0.000003
0.000001
0.000001
0.000001
0.000001
0.000001
0.000001
0.000001
0.000000
0.000001
0.000001
0.000000
0.000001
0.000001
0.000001
0.000001
0.000002
0.000001
0.000001
0.000001
0.000001
0.000001
0.004582
0.000003
0.000001
0.000001
0.000001
0.000001
0.000000
0.000001
0.000001
0.000001
0.000001
0.000001
0.000000
0.000001
0.000000
0.000001
0.000001
0.001478
0.000004
0.000001
0.000000
0.000000
0.000000
0.000000
0.006101
0.000068
0.000045
0.000060
0.000001
0.000000
0.000000
0.000000
0.000001
0.000001
0.000049
0.000049
0.000002
0.000001
0.000001
0.000001
0.000092
0.003140
0.000088
0.000055
0.000002
0.000000
0.000000
0.000000
0.000001
0.000003
0.000003
0.000002
0.000001
0.000001
0.000000
0.000001
0.000001
0.000001
0.000000
0.000000
0.000002
0.000001
0.000000
0.000000
0.000001
0.000001
0.002511
0.000003
0.000000
0.000000
0.000000
0.000000
0.000001
0.000000
0.000001
0.000000
0.000000
0.000000
0.000000
0.000001
0.000000
0.000000
0.000001
0.005225
0.000002
0.000001
0.001251
0.000105
0.000092
0.000133
0.000137
0.000066
0.000047
0.000001
0.000001
0.000001
0.000001
0.000001
0.000001
0.000000
0.000000
0.000000
0.000002
0.000000
0.000000
0.000001
0.000001
0.000001
0.000000
0.000001
0.000001
0.000000
0.000000
0.000001
0.000001
0.000000
0.000000
0.000002
0.000002
0.000000
0.000000
0.000000
0.000000
0.000000
0.000001
0.000001
0.000001
0.000000
0.000000
0.000001
0.000000
0.000000
0.000000
0.006292
0.000002
0.000000
0.000000
0.000000
0.000001
0.000001
0.000001
0.000001
0.000001
0.000000
0.000000
0.000001
0.000001
0.000008
0.002767
0.000004
0.000001
0.005150
0.000005
0.000000
0.000001
0.000001
0.000001
0.000001
0.000001
0.000001
0.000001
0.000001
0.000001
0.000460
0.000169
0.000093
0.000086
0.000068
0.000057
0.000001
0.000001
0.000001
0.000000
0.000000
0.000001
0.000000
0.000001
0.000001
0.000000
0.000003
0.000000
0.000001
0.000000
0.003516
0.000063
0.000001
0.000001
0.000001
0.000000
0.000000
0.000001
0.000000
0.000001
0.000001
0.000001
0.000000
0.000000
0.002903
0.000004
0.000000
0.000001
0.000000
0.000001
0.000001
0.000001
0.000001
0.000001
0.000001
0.000001
0.000001
0.000001
0.000001
0.000001
0.000001
0.004522
0.000002
0.000001
0.000001
0.000001
0.000001
0.000001
0.000001
0.000001
0.000000
0.000001
0.003984
0.000052
0.000001
0.000001
0.000000
0.000000
0.000000
0.000001
0.000001
0.000001
0.000001
0.000001
0.004377
0.000068
0.000002
0.000001
0.000000
0.000001
0.000000
0.000001
0.000001
0.000001
0.000000
0.000000
0.000000
0.000001
0.000001
0.000001
0.000001
0.000002
0.000000
0.000000
0.000000
0.000001
0.000001
0.000000
0.000000
0.000000
0.005487
0.000005
0.000001
0.001821
0.000639
0.000135
0.000002
0.000001
0.000001
0.000001
0.000001
0.000001
0.000000
0.000000
0.000001
0.000000
0.000001
0.000000
0.000000
0.000001
0.000000
0.000001
0.000001
0.000003
0.000000
0.000001
0.000000
0.000001
0.000000
0.000001
0.000001
0.000000
0.000001
0.000000
0.000001
0.000000
0.000001
0.000000
0.000001
0.000001
0.009938
0.003918
0.002248
0.000001
0.002310
0.003425
0.000004
0.000450
0.000003
0.000001
0.000372
0.000180
0.000001
0.000161
0.000556
0.000200
0.000095
0.000060
0.000002
0.000082
0.000065
0.000150
0.000071
0.000083
0.000061
0.000072
0.000002
0.000080
0.000067
0.000001
0.000001
0.000000
0.000000
0.000001
0.000001
0.000000
0.000000
0.000001
0.000001
0.000000
0.000000
0.000000
0.000001
0.000000
0.000001
0.000066
0.000002
0.000001
0.000074
0.000002
0.000001
0.000001
0.000001
0.000001
0.000001
0.000001
0.000001
0.000001
0.000000
0.000001
0.000000
0.000001
0.000000
0.000001
0.000001
0.005154
0.001195
0.000004
0.003845
0.000003
0.000001
0.000001
0.000001
0.000000
0.001775
0.000127
0.000613
0.000069
0.000050
0.000046
0.000001
0.000001
0.000000
0.000000
0.000001
0.000000
0.000000
0.000000
0.000000
0.000001
0.000000
0.000002
0.000001
0.000001
0.000001
0.000001
0.000000
0.000000
0.000000
0.000000
0.000001
0.000001
0.000001
0.000001
0.000000
0.000000
0.000000
0.000000
0.000000
0.000001
0.000001
0.000001
0.000000
0.000000
0.000000
0.000000
0.000001
0.000000
0.001654
0.000003
0.000001
0.000001
0.000000
0.000000
0.000000
0.000001
0.000001
0.000001
0.000001
0.000001
0.006622
0.000004
0.000000
0.004393
0.000003
0.000000
0.000000
0.000000
0.002221
0.000115
0.000095
0.000094
0.000116
0.000133
0.000118
0.000087
0.000126
0.000002
0.000001
0.000000
0.000000
0.000001
0.000001
0.000001
0.000002
0.000000
0.000001
0.000001
0.000000
0.000000
0.000000
0.000000
0.000001
0.000001
0.000000
0.000000
0.000001
0.000001
0.000001
0.000001
0.000001
0.000000
0.000000
0.000000
0.000000
0.000124
0.014367
0.000004
0.000001
0.000001
0.000001
0.000002
0.000001
0.002699
0.000147
0.000086
0.000065
0.000001
0.000001
0.000001
0.000001
0.000001
0.000001
0.000001
0.000001
0.000001
0.000001
0.000001
0.000001
0.000000
0.000000
0.000000
0.000000
0.000003
0.000001
0.000001
0.000001
0.000000
0.000210
0.000001
0.000088
0.000002
0.000001
0.000398
0.000001
0.000001
0.000000
0.000001
0.000001
0.000430
0.000002
0.000001
0.000000
0.000001
0.000001
0.003083
0.000061
0.000001
0.000001
0.000001
0.000001
0.000001
0.000001
0.000001
0.000001
0.000001
0.000001
0.000001
0.000000
0.000001
0.004986
0.000003
0.000000
0.002565
0.000003
0.000001
0.000000
0.000000
0.000001
0.000001
0.000001
0.000000
0.003755
0.000063
0.000100
0.000187
0.000084
0.000002
0.000000
0.000001
0.000000
0.000001
0.000001
0.000059
0.000058
0.000001
0.000000
0.000000
0.000002
0.000000
0.000000
0.000001
0.000001
0.000000
0.000000
0.000000
0.000001
0.000000
0.000000
0.000000
0.000000
0.000000
0.000001
0.000001
0.002092
0.000002
0.000001
0.000000
0.000000
0.000001
0.000001
0.000001
0.002772
0.000080
0.000001
0.000000
0.000000
0.000000
0.000000
0.000000
0.000000
0.000000
0.000000
0.002673
0.000004
0.000000
0.008079
0.000144
0.000002
0.000000
0.000094
0.000092
0.000104
0.000086
0.000085
0.000076
0.000117
0.000075
0.000059
0.000001
0.000000
0.000001
0.000001
0.000004
0.000001
0.000000
0.000001
0.000000
0.000000
0.000001
0.000001
0.000000
0.000001
0.000000
0.000000
0.000001
0.000000
0.000001
0.000001
0.000001
0.000240
0.000002
0.001506
0.000003
0.000000
0.000001
0.000001
0.000001
0.000001
0.000001
0.000001
0.000001
0.011611
0.000743
0.000066
0.000001
0.000001
0.000001
0.000000
0.000001
0.000001
0.000001
0.000001
0.000001
0.000000
0.000000
0.000001
0.000000
0.000000
0.000001
0.000001
0.003161
0.000053
0.000002
0.000001
0.000001
0.000000
0.000000
0.000000
0.000099
0.000001
0.000000
0.000000
0.000001
0.000001
0.000001
0.000001
0.000001
0.000001
0.000001
0.000001
0.000000
0.000001
0.000000
0.006697
0.000003
0.000001
0.000000
0.000000
0.000001
0.000001
0.000001
0.000001
0.000000
0.000000
0.000000
0.000000
0.000000
0.000000
0.002210
0.000003
0.000000
0.000306
0.000075
0.000042
0.000001
0.000001
0.000001
0.000001
0.000001
0.000000
0.000000
0.000000
0.000000
0.000001
0.001103
0.000004
0.000000
0.000001
0.000001
0.000001
0.000001
0.000001
0.000001
0.000000
0.000001
0.003352
0.000002
0.010098
0.000152
0.000119
0.000063
0.000039
0.000001
0.000000
0.000001
0.000001
0.000001
0.000000
0.000000
0.000000
0.000000
0.000001
0.000001
0.000001
0.000001
0.000000
0.000000
0.000000
0.000000
0.000001
0.000000
0.000000
0.000000
0.000001
0.000000
0.000000
0.000001
0.000001
0.000000
0.000001
0.006915
0.000311
0.000140
0.000062
0.000002
0.000001
0.000001
0.000000
0.000001
0.000001
0.000001
0.000001
0.000000
0.000000
0.000000
0.000001
0.000000
0.000000
0.000002
0.000000
0.000000
0.000000
0.000000
0.000000
0.000000
0.000000
0.000000
0.000000
0.000000
0.000000
0.000000
0.008539
0.001767
0.000004
0.005683
0.000002
0.000001
0.002571
0.000101
0.000055
0.000139
0.000043
0.000001
0.000000
0.000000
0.000000
0.000000
0.000001
0.000000
0.000000
0.000001
0.000001
0.000000
0.000000
0.000001
0.000001
0.000001
0.000001
0.000000
0.000000
0.000001
0.000001
0.000000
0.000000
0.000001
0.000001
0.000001
0.000000
0.000001
0.000046
0.000002
0.000001
0.000000
0.000000
0.000000
0.000001
0.000107
0.000001
0.000130
0.007387
0.000070
0.000002
0.000001
0.000000
0.000001
0.000001
0.000001
0.000553
0.000118
0.000001
0.000000
0.000000
0.000000
0.000001
0.000000
0.000000
0.003198
0.000002
0.000001
0.002125
0.000053
0.000001
0.000001
0.000001
0.000001
0.000001
0.000001
0.000001
0.000001
0.000001
0.000000
0.000001
0.000001
0.000000
0.000000
0.000090
0.000001
0.000000
0.000000
0.000000
0.000001
0.000001
0.000001
0.000000
0.000000
0.000000
0.000000
0.003588
0.000004
0.000000
0.002138
0.002879
0.000723
0.000057
0.000001
0.000001
0.000001
0.000001
0.000001
0.000001
0.000001
0.000001
0.000000
0.000001
0.000000
0.000000
0.000001
0.000000
0.000000
0.000002
0.000000
0.000000
0.000001
0.000001
0.000001
0.000001
0.000000
0.000000
0.000001
0.005735
0.000004
0.000001
0.000001
0.000000
0.000000
0.002578
0.000180
0.000140
0.000067
0.000003
0.000000
0.000001
0.000001
0.000000
0.000001
0.000001
0.000138
0.000002
0.000001
0.000001
0.000001
0.000003
0.000001
0.000000
0.000000
0.000001
0.000001
0.000001
0.000001
0.000001
0.000000
0.000000
0.000000
0.000001
0.000001
0.000001
0.000001
0.007025
0.000003
0.000001
0.000000
0.001767
0.000097
0.000002
0.000001
0.000000
0.000000
0.000001
0.000001
0.000001
0.000000
0.000001
0.000001
0.000001
0.000001
0.000001
0.000001
0.000001
0.000001
0.000002
0.000000
0.000001
0.000505
0.000100
0.000047
0.000002
0.000000
0.000000
0.000000
0.000000
0.000000
0.000000
0.000001
0.000000
0.000000
0.000000
0.000001
0.000000
0.000003
0.000347
0.000001
0.000000
0.000249
0.000001
0.000001
0.000001
0.000001
0.000000
0.000000
0.000206
0.000002
0.008775
0.000002
0.000001
0.000467
0.000147
0.000109
0.000077
0.000121
0.000116
0.000076
0.000042
0.000001
0.000000
0.000001
0.000001
0.000000
0.000000
0.000001
0.000000
0.000000
0.000002
0.000000
0.000002
0.000001
0.000000
0.000000
0.000000
0.000000
0.000000
0.000001
0.000278
0.000078
0.000037
0.000001
0.000001
0.000001
0.000000
0.000000
0.000001
0.000000
0.000000
0.000000
0.000123
0.000001
0.000088
0.001619
0.000166
0.000072
0.000002
0.000000
0.000001
0.000001
0.000001
0.000000
0.000000
0.000001
0.000000
0.000001
0.000001
0.000001
0.000001
0.000001
0.000000
0.000002
0.000239
0.007160
0.002025
0.000118
0.000061
0.000002
0.000000
0.000001
0.000000
0.000001
0.000000
0.000001
0.000000
0.000059
0.000001
0.000001
0.000001
0.000001
0.000001
0.000003
0.000000
0.000001
0.000000
0.000001
0.000001
0.000001
0.000001
0.000000
0.000001
0.000001
0.000000
0.000001
0.000001
0.000000
0.000002
0.000000
0.000058
0.000001
0.000001
0.000000
0.000001
0.000001
0.000000
0.000000
0.000166
0.000002
0.001751
0.000065
0.000050
0.000002
0.000001
0.000001
0.000001
0.000000
0.000000
0.000000
0.000001
0.000000
0.000001
0.000001
0.000001
0.000001
0.000001
0.000002
0.000001
0.000001
0.003857
0.000003
0.000001
0.003969
0.000095
0.000143
0.000065
0.000054
0.000001
0.000000
0.000001
0.000001
0.000000
0.000000
0.000000
0.000001
0.000000
0.000000
0.000001
0.000000
0.000000
0.000002
0.000000
0.000001
0.000001
0.000001
0.000001
0.000000
0.000085
0.000002
0.000000
0.000001
0.000000
0.000001
0.000001
0.000000
0.000000
0.000001
0.000001
0.000000
0.000000
0.000000
0.000000
0.000001
0.001712
0.000004
0.000000
0.000000
0.000001
0.000001
0.000000
0.000001
0.000001
0.000001
0.000000
0.000001
0.000000
0.001398
0.000004
0.000000
0.001617
0.000004
0.000000
0.000000
0.000001
0.000001
0.007609
0.000005
0.000001
0.002411
0.000130
0.000055
0.000003
0.000001
0.000001
0.000001
0.000000
0.000000
0.000001
0.000000
0.000001
0.000001
0.000001
0.000001
0.000001
0.000001
0.000003
0.000001
0.000001
0.000000
0.000000
0.000000
0.000001
0.000000
0.000000
0.000000
0.000000
0.000000
0.000000
0.000001
0.000001
0.000002
0.000001
0.000000
0.000000
0.000000
0.000000
0.000000
0.000000
0.000001
0.000001
0.002349
0.000004
0.000001
0.000000
0.000000
0.000000
0.000000
0.000000
0.000000
0.000000
0.000000
0.001776
0.000004
0.000001
0.000000
0.000001
0.000001
0.000001
0.000001
0.000000
0.000000
0.002578
0.000876
0.000003
0.000001
0.000001
0.005006
0.000002
0.001850
0.000107
0.000083
0.000093
0.000198
0.000063
0.000002
0.000001
0.000001
0.000000
0.000001
0.000001
0.000000
0.000001
0.000000
0.000001
0.000001
0.000003
0.000001
0.000001
0.000001
0.000000
0.000001
0.000001
0.000001
0.000000
0.000135
0.000001
0.000001
0.000000
0.000180
0.000002
0.000003
0.000000
0.000001
0.000000
0.000001
0.000000
0.000595
0.000106
0.000075
0.000087
0.000001
0.000001
0.000000
0.000000
0.000000
0.000000
0.000001
0.000001
0.000000
0.000001
0.000001
0.000000
0.000000
0.000000
0.000001
0.000001
0.003805
0.000004
0.000001
0.003644
0.000005
0.000001
0.000001
0.000001
0.000001
0.000001
0.000000
0.000001
0.001734
0.000003
0.000001
0.000000
0.000000
0.003614
0.000003
0.000001
0.003703
0.000004
0.000001
0.000002
0.000001
0.000000
0.000001
0.000001
0.000001
0.000001
0.000000
0.000001
0.000001
0.000000
0.000000
0.000000
0.000001
0.000001
0.000000
0.000001
0.000003
0.000000
0.000001
0.000000
0.000001
0.000001
0.000000
0.000001
0.000001
0.000001
0.000000
0.000001
0.000000
0.000002
0.000001
0.000000
0.000001
0.002410
0.000004
0.000000
0.000000
0.000000
0.000000
0.000001
0.002098
0.000003
0.001255
0.000134
0.000001
0.000000
0.000001
0.000000
0.000000
0.000000
0.000000
0.000000
0.000000
0.000001
0.000000
0.000000
0.000000
0.000000
0.000000
0.005225
0.000538
0.000076
0.000043
0.000002
0.000001
0.000000
0.000000
0.000000
0.000001
0.000001
0.000001
0.000001
0.000000
0.000001
0.000000
0.000001
0.000001
0.000118
0.000001
0.000000
0.000223
0.000002
0.000001
0.000001
0.000306
0.000002
0.000001
0.000000
0.000001
0.000001
0.000000
0.004716
0.000004
0.000000
0.000001
0.000001
0.000001
0.000001
0.000198
0.000001
0.000001
0.000001
0.000000
0.001322
0.000141
0.000102
0.000059
0.000046
0.000010
0.000000
0.000000
0.000000
0.000001
0.000001
0.000001
0.000000
0.000000
0.000001
0.000001
0.000001
0.000001
0.000000
0.000001
0.000001
0.014785
0.000054
0.000001
0.000000
0.000000
0.000000
0.000001
0.000001
0.000001
0.000001
0.000000
0.008448
0.000111
0.000111
0.000003
0.000001
0.000001
0.000000
0.000001
0.000001
0.000001
0.000000
0.000128
0.000081
0.000002
0.000001
0.000001
0.000000
0.000001
0.000001
0.000001
0.000001
0.000000
0.000001
0.000001
0.000001
0.000002
0.000000
0.000001
0.000001
0.000000
0.000001
0.000000
0.000001
0.000000
0.000001
0.000000
0.000000
0.000001
0.000001
0.000000
0.000000
0.000001
0.000001
0.000000
0.000001
0.000003
0.000001
0.000000
0.000000
0.000001
0.000001
0.000000
0.000001
0.000001
0.000001
0.009857
0.003110
0.000120
0.000003
0.000001
0.000002
0.000001
0.000001
0.000001
0.000001
0.000001
0.000004
0.000001
0.000001
0.000001
0.000001
0.000001
0.000001
0.000002
0.000001
0.000006
0.000001
0.000003
0.002393
0.000045
0.000001
0.000000
0.000000
0.000000
0.000000
0.000000
0.000001
0.000000
0.000001
0.000000
0.000001
0.000001
0.000001
0.000001
0.000000
0.000002
0.000001
0.000000
0.000000
0.000001
0.000001
0.000000
0.000000
0.000000
0.000001
0.000000
0.000000
0.000001
0.000000
0.000000
0.000000
0.000002
0.000001
0.000000
0.001807
0.000004
0.000000
0.000000
0.000001
0.000000
0.005268
0.000004
0.000001
0.010818
0.000005
0.000001
0.000001
0.000000
0.000000
0.000001
0.000001
0.000001
0.000001
0.001968
0.000060
0.000001
0.000000
0.000000
0.000001
0.000000
0.000000
0.000001
0.000001
0.000000
0.000001
0.000001
0.000001
0.000001
0.000001
0.000001
0.000001
0.000001
0.000001
0.000000
0.000001
0.000001
0.000002
0.000001
0.000001
0.000258
0.012023
0.000109
0.000050
0.000001
0.000000
0.000000
0.000000
0.000001
0.000001
0.000001
0.000001
0.000000
0.000000
0.000000
0.000000
0.000001
0.000000
0.000001
0.000001
0.000003
0.000001
0.015347
0.000004
0.000000
0.000001
0.000001
0.005136
0.000002
0.000000
0.000001
0.000001
0.000001
0.000001
0.000154
0.000001
0.000001
0.000278
0.000002
0.000000
0.000000
0.000161
0.000002
0.000001
0.000001
0.000001
0.000000
0.000124
0.000001
0.000099
0.005862
0.000004
0.000000
0.000001
0.000001
0.000000
0.000050
0.000062
0.000001
0.000001
0.000001
0.000000
0.000229
0.000172
0.000001
0.000001
0.000195
0.005279
0.000003
0.000000
0.000000
0.000000
0.000000
0.000001
0.000001
0.000001
0.000001
0.000001
0.000001
0.000000
0.000000
0.000001
0.000001
0.004552
0.000003
0.000000
0.000001
0.000001
0.000001
0.000000
0.003511
0.000003
0.000000
0.000001
0.000070
0.000073
0.000002
0.000000
0.000000
0.000001
0.000001
0.000000
0.000001
0.000000
0.003539
0.000003
0.000000
0.000000
0.000129
0.000001
0.007296
0.000182
0.000057
0.000002
0.000001
0.000000
0.000001
0.000001
0.000001
0.000001
0.000001
0.000000
0.000001
0.000000
0.000001
0.000000
0.000000
0.000002
0.000001
0.000000
0.000001
0.000001
0.000000
0.000001
0.000000
0.000000
0.000001
0.000000
0.000000
0.000001
0.000001
0.000000
0.000001
0.000001
0.000001
0.000001
0.000002
0.002936
0.000005
0.000001
0.000000
0.000001
0.000001
0.000000
0.000001
0.000001
0.002860
0.000005
0.000000
0.000001
0.000000
0.000001
0.000001
0.000001
0.003802
0.000103
0.000044
0.000002
0.000001
0.000001
0.000001
0.000001
0.000001
0.000001
0.000001
0.000000
0.000001
0.000001
0.000001
0.000000
0.000001
0.000006
0.000000
0.000001
0.000002
0.000001
0.000135
0.003134
0.000003
0.000000
0.004405
0.000003
0.000002
0.000004
0.000000
0.000001
0.000001
0.000615
0.000002
0.000001
0.000000
0.000001
0.000000
0.000000
0.000000
0.000000
0.000204
0.000002
0.000000
0.000000
0.000001
0.000001
0.000000
0.000200
0.000002
0.000000
0.000511
0.000064
0.000002
0.000000
0.000001
0.000001
0.000001
0.000000
0.000001
0.000001
0.000000
0.000001
0.000001
0.000000
0.001327
0.000004
0.000000
0.000001
0.000001
0.003605
0.000280
0.000057
0.000002
0.000001
0.000000
0.000001
0.000001
0.001913
0.000003
0.000001
0.000001
0.000001
0.000000
0.000000
0.000001
0.000000
0.001645
0.000003
0.000001
0.001599
0.000002
0.000001
0.004507
0.000003
0.000000
0.000000
0.000000
0.000001
0.000001
0.000001
0.000001
0.000000
0.000001
0.000000
0.000001
0.000001
0.000000
0.000001
0.000002
0.000000
0.000000
0.000000
0.000001
0.000001
0.000001
0.000000
0.000001
0.000001
0.000001
0.000000
0.002044
0.000004
0.000000
0.000001
0.000001
0.000001
0.000001
0.000001
0.000000
0.000000
0.000000
0.000000
0.000000
0.000001
0.000001
0.000001
0.001671
0.000002
0.000000
0.000001
0.000001
0.008719
0.000005
0.000000
0.002185
0.000097
0.000002
0.000000
0.000000
0.000001
0.000000
0.000000
0.000000
0.000001
0.000001
0.000001
0.000000
0.000002
0.004458
0.000059
0.000004
0.000001
0.000001
0.000000
0.000000
0.000001
0.000000
0.000001
0.000001
0.000001
0.000000
0.000001
0.000000
0.000001
0.000000
0.000001
0.000058
0.000049
0.000003
0.000000
0.000000
0.000000
0.000001
0.000001
0.000001
0.000001
0.000000
0.000000
0.000000
0.000000
0.000001
0.000001
0.000001
0.005438
0.000078
0.000002
0.000001
0.000001
0.000001
0.000000
0.000000
0.000001
0.000001
0.000001
0.000001
0.000001
0.000000
0.000000
0.000000
0.010517
0.000059
0.000001
0.000000
0.000000
0.000000
0.000000
0.000000
0.000000
0.000001
0.000001
0.000001
0.000000
0.000000
0.000001
0.000001
0.000002
0.000000
0.000000
0.000000
0.000000
0.000001
0.003412
0.000003
0.000001
0.000001
0.000001
0.000000
0.000000
0.000000
0.000001
0.000001
0.000001
0.000001
0.000000
0.001572
0.000005
0.000000
0.000000
0.000001
0.000001
0.000000
0.002156
0.000005
0.000001
0.000000
0.000001
0.000000
0.000000
0.000001
0.000001
0.000001
0.000000
0.000001
0.000001
0.000001
0.001232
0.000004
0.000000
0.000001
0.000000
0.000000
0.000000
0.000001
0.000001
0.000001
0.002306
0.000002
0.000000
0.000000
0.000000
0.000001
0.002268
0.000003
0.000001
0.000000
0.000001
0.005851
0.000191
0.000071
0.000002
0.000001
0.000000
0.000001
0.000001
0.000000
0.000001
0.000001
0.000000
0.000001
0.000001
0.000000
0.000000
0.000000
0.000001
0.000000
0.000002
0.000001
0.000000
0.000001
0.000001
0.000001
0.000000
0.000001
0.000001
0.000000
0.002263
0.000004
0.000000
0.000001
0.000001
0.000001
0.000000
0.000001
0.000001
0.000000
0.000001
0.000003
0.000000
0.000001
0.000002
0.000001
0.000000
0.000000
0.000001
0.000001
0.000000
0.000001
0.000001
0.000001
0.000002
0.011481
0.000002
0.000000
0.001834
0.000075
0.000002
0.000001
0.000000
0.000000
0.000000
0.000000
0.000000
0.000000
0.000000
0.000000
0.000000
0.000000
0.000000
0.000001
0.000000
0.000000
0.002821
0.000055
0.000001
0.000001
0.000001
0.000001
0.000000
0.000000
0.000000
0.000000
0.000000
0.000000
0.000001
0.000001
0.000003
0.000000
0.000001
0.000001
0.000001
0.000001
0.000001
0.000000
0.000000
0.000000
0.000000
0.000000
0.000001
0.000000
0.000001
0.000001
0.000000
0.000001
0.000001
0.000000
0.000001
0.000000
0.000000
0.000002
0.000001
0.000000
0.000000
0.000001
0.000000
0.000001
0.000000
0.003979
0.003961
0.000003
0.000618
0.000134
0.000069
0.000056
0.000001
0.000000
0.000001
0.000001
0.000001
0.000000
0.000000
0.000000
0.000000
0.000001
0.000001
0.000001
0.000000
0.000000
0.000000
0.000000
0.000000
0.000000
0.002373
0.000054
0.000001
0.000001
0.000001
0.000001
0.000000
0.000000
0.000001
0.000000
0.000000
0.000000
0.000001
0.000001
0.000001
0.000001
0.000001
0.000001
0.000001
0.000001
0.000000
0.000001
0.000001
0.000001
0.000002
0.000000
0.000000
0.000000
0.000001
0.000001
0.000001
0.000001
0.000001
0.000000
0.000000
0.000000
0.000000
0.000001
0.000000
0.007052
0.000005
0.006215
0.000095
0.000003
0.000001
0.000000
0.000001
0.000001
0.000001
0.000003
0.000001
0.000001
0.000001
0.000001
0.000001
0.000001
0.000001
0.000001
0.000005
0.000001
0.000000
0.000000
0.000001
0.000001
0.000000
0.000001
0.000001
0.000001
0.000001
0.000001
0.000001
0.000001
0.000001
0.000000
0.000001
0.003413
0.000004
0.000001
0.000003
0.000001
0.000000
0.000001
0.000000
0.000001
0.000000
0.000001
0.000001
0.000001
0.000000
0.000001
0.000001
0.000001
0.000001
0.000001
0.000000
0.000001
0.000001
0.000001
0.000001
0.000000
0.000001
0.000004
0.000000
0.008802
0.000005
0.000001
0.000000
0.000001
0.000001
0.000001
0.000001
0.000001
0.000001
0.003232
0.000072
0.000002
0.000001
0.000001
0.000000
0.000001
0.000000
0.000000
0.000001
0.000000
0.000001
0.000000
0.000001
0.000000
0.000001
0.000001
0.000000
0.000001
0.005010
0.000143
0.000046
0.000002
0.000000
0.000001
0.000001
0.000045
0.000001
0.000000
0.000001
0.000001
0.000000
0.000000
0.000000
0.000000
0.000001
0.000000
0.000000
0.000000
0.000001
0.000001
0.000000
0.000000
0.000000
0.000001
0.000000
0.000000
0.000000
0.001853
0.000004
0.000001
0.002654
0.000004
0.000001
0.000000
0.000000
0.005973
0.000003
0.000001
0.006998
0.000054
0.000001
0.000021
0.000001
0.000000
0.000001
0.000001
0.000000
0.000000
0.000000
0.000001
0.000001
0.000001
0.000001
0.000000
0.000002
0.000000
0.000000
0.000001
0.000001
0.000000
0.000000
0.000000
0.000001
0.000000
0.000000
0.000000
0.000000
0.000000
0.000000
0.003388
0.000004
0.000001
0.000001
0.000001
0.000000
0.000001
0.000001
0.000001
0.000000
0.000000
0.000000
0.000000
0.000001
0.000000
0.000001
0.000001
0.000001
0.000000
0.000001
0.000001
0.000000
0.000002
0.000000
0.000001
0.000001
0.000000
0.000001
0.000001
0.000001
0.000000
0.003197
0.000004
0.000001
0.003251
0.000005
0.000002
0.009245
0.000003
0.001277
0.000041
0.000001
0.000000
0.000001
0.000001
0.000000
0.000000
0.000000
0.000000
0.000001
0.000001
0.000000
0.000001
0.000001
0.000001
0.000003
0.000000
0.000001
0.000001
0.000000
0.000001
0.000001
0.000000
0.000000
0.000001
0.002404
0.000050
0.000001
0.000001
0.000000
0.000000
0.000000
0.000001
0.000001
0.000001
0.000001
0.000001
0.000001
0.000001
0.000001
0.000001
0.000000
0.000001
0.000001
0.000000
0.000000
0.000000
0.000001
0.000001
0.000001
0.000001
0.000001
0.000040
0.000001
0.000000
0.000000
0.000001
0.000000
0.000000
0.000000
0.000001
0.000067
0.012996
0.000003
0.000001
0.000944
0.000130
0.000093
0.000060
0.000135
0.000075
0.000001
0.000001
0.000001
0.000001
0.000000
0.000001
0.000001
0.000001
0.000001
0.000001
0.000000
0.000139
0.000074
0.000001
0.000056
0.000001
0.000001
0.000000
0.000001
0.000001
0.000000
0.000000
0.000127
0.000059
0.000002
0.000002
0.000001
0.000001
0.000001
0.000000
0.000000
0.000001
0.000000
0.000000
0.000001
0.000001
0.000000
0.000001
0.000001
0.000001
0.000147
0.003441
0.000004
0.000001
0.000000
0.000000
0.000000
0.000000
0.000000
0.000000
0.000000
0.000001
0.000000
0.000001
0.000001
0.000001
0.004546
0.000003
0.000001
0.003282
0.000003
0.000001
0.000000
0.000000
0.000001
0.000001
0.000999
0.000258
0.000249
0.000152
0.000109
0.000042
0.000001
0.000001
0.000001
0.000001
0.000000
0.000000
0.000000
0.000001
0.000000
0.000000
0.000000
0.000000
0.000001
0.000003
0.000001
0.000000
0.000001
0.000001
0.000001
0.000001
0.000002
0.000001
0.000000
0.000000
0.000001
0.000001
0.000000
0.000001
0.000001
0.000000
0.000000
0.000000
0.000000
0.001529
0.000005
0.000000
0.000001
0.000001
0.000000
0.000000
0.000000
0.000000
0.000000
0.000000
0.000000
0.000000
0.000000
0.000000
0.000001
0.009426
0.000050
0.000002
0.000001
0.000001
0.000001
0.000000
0.000001
0.000001
0.000001
0.000000
0.000001
0.000001
0.000001
0.000000
0.000001
0.000119
0.000045
0.000001
0.000000
0.000001
0.000001
0.000001
0.000001
0.000001
0.000001
0.000001
0.000001
0.000000
0.002494
0.000005
0.000001
0.000000
0.000003
0.000001
0.000001
0.000001
0.000001
0.000001
0.000001
0.000000
0.000000
0.000001
0.000009
0.000001
0.000000
0.000000
0.000001
0.000000
0.000001
0.000000
0.000001
0.000001
0.000004
0.000000
0.000001
0.000000
0.000001
0.000001
0.000001
0.000000
0.000001
0.000001
0.000001
0.008239
0.000002
0.001392
0.000244
0.000997
0.000060
0.000002
0.000001
0.000001
0.000001
0.000000
0.000000
0.000000
0.000001
0.000000
0.000000
0.000000
0.000000
0.000000
0.000000
0.000001
0.000000
0.000001
0.000001
0.000001
0.000001
0.000001
0.000001
0.000001
0.000001
0.000001
0.000001
0.000001
0.000001
0.000003
0.000001
0.000001
0.000001
0.000001
0.000001
0.000001
0.000001
0.000001
0.000001
0.003376
0.000052
0.000002
0.000000
0.000001
0.000001
0.000000
0.000001
0.000001
0.000001
0.000001
0.000000
0.000000
0.000000
0.000000
0.000001
0.000000
0.000000
0.000001
0.000003
0.012638
0.000004
0.000001
0.005726
0.001766
0.000004
0.000000
0.000001
0.009977
0.000059
0.000038
0.000001
0.000000
0.000000
0.000001
0.000001
0.000001
0.000000
0.000000
0.000039
0.000001
0.000000
0.000001
0.000000
0.000000
0.000000
0.000001
0.000002
0.000001
0.000001
0.000000
0.000000
0.000000
0.000000
0.000000
0.000001
0.000000
0.000000
0.000001
0.000001
0.000000
0.000000
0.000132
0.005530
0.000073
0.000002
0.000000
0.000001
0.000001
0.000001
0.000001
0.000001
0.000001
0.000000
0.000000
0.000000
0.000001
0.000000
0.000001
0.000001
0.000000
0.000001
0.000002
0.000001
0.000001
0.000086
0.002962
0.000059
0.000001
0.000000
0.000000
0.000000
0.000000
0.000000
0.002208
0.000004
0.000001
0.005954
0.000004
0.000000
0.001566
0.000002
0.000001
0.000002
0.000000
0.000002
0.000071
0.000095
0.000002
0.000002
0.000001
0.000001
0.000001
0.000001
0.000001
0.000001
0.000003
0.000000
0.000000
0.000001
0.000001
0.000001
0.000000
0.000001
0.000001
0.000001
0.000001
0.000000
0.000000
0.000001
0.000001
0.000001
0.000001
0.000000
0.000001
0.000000
0.000001
0.000001
0.000001
0.000000
0.000001
0.000001
0.000001
0.000001
0.000000
0.000001
0.001856
0.000006
0.000000
0.000001
0.000001
0.000000
0.000001
0.000001
0.000000
0.001806
0.000003
0.000001
0.000000
0.000000
0.000001
0.000001
0.005329
0.000004
0.000000
0.000000
0.000000
0.000001
0.000001
0.000001
0.000001
0.000001
0.000001
0.000001
0.000001
0.000001
0.000001
0.000001
0.000000
0.000000
0.000000
0.000003
0.000000
0.000000
0.000000
0.000000
0.005166
0.000003
0.000001
0.000000
0.000000
0.000001
0.000001
0.000001
0.000001
0.000001
0.000000
0.000000
0.000000
0.000000
0.000000
0.000000
0.002877
0.000002
0.000000
0.000000
0.000000
0.000001
0.000001
0.000001
0.000001
0.000000
0.000000
0.000001
0.000001
0.000001
0.000001
0.000001
0.000001
0.000001
0.000001
0.000001
0.000001
0.000000
0.000002
0.000000
0.000000
0.000000
0.004985
0.000142
0.000060
0.000002
0.000046
0.000002
0.000001
0.000001
0.000066
0.000001
0.000001
0.000001
0.000001
0.000001
0.000001
0.000000
0.000108
0.000002
0.000001
0.000001
0.000000
0.000000
0.000000
0.007973
0.000038
0.000002
0.000001
0.000001
0.000001
0.000000
0.000000
0.000000
0.000001
0.000001
0.000000
0.000000
0.000001
0.000001
0.000001
0.000000
0.000000
0.000000
0.000002
0.000001
0.000001
0.000000
0.000000
0.000001
0.000001
0.000000
0.000000
0.000001
0.000001
0.000001
0.000001
0.000001
0.002302
0.000002
0.000001
0.000001
0.000001
0.000001
0.000001
0.000001
0.000000
0.003342
0.000004
0.002107
0.000004
0.000001
0.000000
0.001866
0.000003
0.000001
0.000001
0.000001
0.000001
0.000001
0.000001
0.000388
0.000078
0.000001
0.000000
0.000001
0.000001
0.000001
0.000000
0.000135
0.000001
0.000000
0.000565
0.000096
0.000067
0.000002
0.000001
0.000000
0.000000
0.000001
0.000001
0.000001
0.000001
0.000001
0.000001
0.002635
0.000003
0.000000
0.000001
0.001400
0.000063
0.000061
0.000070
0.000002
0.000000
0.000001
0.000001
0.000001
0.000000
0.000001
0.000001
0.000001
0.000000
0.000000
0.000001
0.000000
0.000000
0.000003
0.000001
0.000001
0.000000
0.000001
0.000001
0.007832
0.000005
0.000000
0.000001
0.001465
0.000228
0.000067
0.000199
0.000071
0.000043
0.000002
0.000000
0.000001
0.000000
0.000001
0.000001
0.000001
0.000000
0.000001
0.000001
0.000000
0.000000
0.000000
0.000001
0.000000
0.000001
0.000000
0.000001
0.000001
0.000001
0.000001
0.000001
0.000001
0.000001
0.000002
0.000000
0.000000
0.000001
0.000002
0.000000
0.000000
0.000001
0.000001
0.000001
0.000001
0.000000
0.000000
0.000000
0.001416
0.000003
0.000001
0.000001
0.000001
0.000001
0.000000
0.000000
0.000000
0.000001
0.001318
0.000004
0.000000
0.000000
0.000001
0.000001
0.000001
0.000000
0.010502
0.000085
0.000088
0.000067
0.000002
0.000001
0.000000
0.000001
0.000000
0.000001
0.000001
0.000000
0.000001
0.000001
0.000001
0.000000
0.000000
0.000001
0.000003
0.000001
0.000001
0.000001
0.000000
0.000001
0.000001
0.000001
0.000001
0.000001
0.000001
0.000001
0.000000
0.000002
0.000001
0.000001
0.000002
0.000000
0.000001
0.000001
0.000001
0.000000
0.000000
0.000001
0.000001
0.001949
0.000002
0.000000
0.001005
0.000084
0.000001
0.000001
0.000001
0.000001
0.000001
0.000001
0.000001
0.000000
0.001673
0.000002
0.000001
0.000001
0.000000
0.000001
0.000000
0.000000
0.000000
0.004820
0.000003
0.000000
0.000001
0.000002
0.000001
0.001414
0.000003
0.000001
0.000000
0.000001
0.000000
0.000000
0.001418
0.000004
0.001145
0.000049
0.000002
0.000001
0.000000
0.000000
0.000000
0.000000
0.000000
0.000000
0.000000
0.000000
0.000001
0.000000
0.000000
0.000000
0.000000
0.000001
0.001920
0.000004
0.000000
0.000000
0.000000
0.000000
0.000000
0.000000
0.003943
0.000130
0.000063
0.000001
0.000001
0.000001
0.000001
0.000000
0.000000
0.000000
0.000000
0.000000
0.000001
0.000000
0.000001
0.000001
0.000001
0.000001
0.000000
0.000000
0.000002
0.000000
0.000001
0.000001
0.000000
0.004111
0.000004
0.000000
0.002359
0.000003
0.000000
0.000001
0.000001
0.001849
0.000003
0.000001
0.000001
0.000001
0.000000
0.000000
0.000000
0.000000
0.000000
0.000000
0.000001
0.000001
0.000001
0.000001
0.000001
0.000000
0.000000
0.000000
0.000000
0.000001
0.000001
0.000003
0.000000
0.000001
0.000001
0.003733
0.000003
0.000000
0.000001
0.000000
0.001190
0.000002
0.000001
0.000000
0.000000
0.000000
0.000000
0.003074
0.000004
0.000000
0.005111
0.000284
0.000003
0.000001
0.000002
0.000000
0.000001
0.000000
0.000001
0.000001
0.000120
0.000002
0.000001
0.000001
0.000001
0.000001
0.000001
0.000000
0.000000
0.000002
0.000001
0.000001
0.000000
0.000000
0.000001
0.000002
0.000001
0.000000
0.000001
0.002485
0.000145
0.000091
0.000084
0.000078
0.000001
0.000001
0.000002
0.000001
0.000000
0.000003
0.000000
0.000000
0.000001
0.000000
0.000000
0.000000
0.000000
0.000000
0.000002
0.000000
0.000000
0.000001
0.000001
0.000000
0.000000
0.000000
0.000001
0.000000
0.000312
0.000002
0.000000
0.000000
0.006473
0.000004
0.000000
0.009543
0.000508
0.000002
0.000001
0.000091
0.000070
0.000061
0.000001
0.000001
0.000000
0.000000
0.000000
0.000001
0.000001
0.000001
0.000001
0.000001
0.000001
0.000001
0.000000
0.000001
0.000003
0.000000
0.000000
0.000001
0.000001
0.000001
0.000001
0.000001
0.000000
0.000001
0.000000
0.000000
0.000000
0.000000
0.000000
0.000000
0.000001
0.000000
0.000000
0.000001
0.002589
0.000004
0.000001
0.000000
0.000000
0.000001
0.000001
0.000001
0.000000
0.000000
0.000000
0.000001
0.000001
0.000000
0.000001
0.000001
0.000000
0.000000
0.000000
0.000000
0.000000
0.000000
0.012540
0.003722
0.000151
0.000079
0.000116
0.000059
0.000062
0.000066
0.000123
0.000002
0.000001
0.000001
0.000001
0.000001
0.000001
0.000001
0.000001
0.000000
0.000001
0.000046
0.000002
0.000001
0.000001
0.000000
0.000000
0.000000
0.000001
0.000000
0.000000
0.000000
0.000000
0.000001
0.000002
0.000001
0.000001
0.000000
0.000000
0.000000
0.000000
0.000001
0.000001
0.000125
0.000001
0.002660
0.000129
0.000065
0.000002
0.000001
0.000002
0.000001
0.000001
0.000000
0.000001
0.000001
0.000001
0.000000
0.000001
0.000001
0.000000
0.000002
0.000001
0.000001
0.000001
0.000001
0.000001
0.013203
0.000004
0.000000
0.003877
0.000003
0.000001
0.000000
0.000001
0.000000
0.000001
0.000001
0.000001
0.000001
0.000001
0.000000
0.000000
0.000000
0.000001
0.000001
0.000000
0.000000
0.000000
0.000001
0.000001
0.000000
0.000134
0.000045
0.000001
0.000001
0.000001
0.000000
0.000000
0.000000
0.000000
0.000000
0.000001
0.000000
0.000000
0.000000
0.000000
0.000001
0.000001
0.000001
0.000060
0.000001
0.000001
0.000003
0.000001
0.000000
0.000000
0.000000
0.000000
0.000001
0.000000
0.000000
0.000000
0.000001
0.000000
0.000000
0.000000
0.000001
0.000001
0.000001
0.000001
0.000000
0.007910
0.000004
0.000001
0.001690
0.000003
0.000001
0.000001
0.000001
0.000000
0.000000
0.000000
0.000000
0.000001
0.000001
0.000000
0.003321
0.000052
0.000001
0.000000
0.000046
0.000001
0.000000
0.000000
0.000000
0.000000
0.000000
0.000000
0.000000
0.000000
0.000000
0.003337
0.000143
0.000105
0.000092
0.000265
0.000066
0.000002
0.000001
0.000001
0.000001
0.000001
0.000000
0.000000
0.000000
0.000001
0.000001
0.000000
0.000004
0.000000
0.000001
0.000001
0.000001
0.000001
0.000001
0.000001
0.000001
0.000000
0.000001
0.000001
0.000000
0.000001
0.000001
0.000000
0.000002
0.000000
0.004482
0.000003
0.000001
0.002392
0.000002
0.000001
0.000000
0.000000
0.000000
0.000000
0.000000
0.000000
0.000000
0.004991
0.000077
0.000002
0.000047
0.000001
0.000000
0.000000
0.000000
0.000001
0.000000
0.000000
0.000001
0.000001
0.000001
0.000001
0.000001
0.000001
0.000001
0.000000
0.000000
0.003565
0.000004
0.000001
0.009310
0.000002
0.000000
0.000000
0.000000
0.000001
0.000000
0.000000
0.000001
0.000001
0.000001
0.000001
0.000001
0.000001
0.000000
0.000000
0.000001
0.000000
0.000000
0.000001
0.000003
0.000000
0.000000
0.000000
0.000001
0.000001
0.000001
0.000001
0.000001
0.000001
0.002353
0.000004
0.000001
0.002168
0.000289
0.000069
0.000002
0.000000
0.000043
0.000001
0.000000
0.000000
0.000001
0.000001
0.000000
0.000000
0.000000
0.000001
0.000001
0.000000
0.000001
0.000002
0.000000
0.000000
0.000000
0.000000
0.000001
0.000000
0.000001
0.000001
0.006478
0.000003
0.002774
0.000004
0.000001
0.000000
0.000001
0.000001
0.000001
0.000001
0.000000
0.000066
0.000042
0.000002
0.000001
0.000001
0.000001
0.000001
0.000002
0.000000
0.000001
0.000284
0.000002
0.000357
0.000002
0.000001
0.000001
0.000002
0.000000
0.000257
0.000001
0.000000
0.000000
0.000000
0.000058
0.007185
0.000057
0.000001
0.000001
0.000000
0.000001
0.000001
0.000001
0.000000
0.000000
0.000000
0.000000
0.000000
0.000000
0.000000
0.000001
0.000001
0.000001
0.000002
0.000000
0.000002
0.000368
0.000086
0.000002
0.000001
0.000001
0.000001
0.000000
0.000001
0.000001
0.014653
0.000015
0.000010
0.000059
0.000004
0.000003
0.000003
0.000003
0.000003
0.000003
0.000003
0.000003
0.000003
0.000003
0.000002
0.000003
0.000001
0.000002
0.000001
0.000001
0.000001
0.000001
0.000001
0.000000
0.000001
0.000001
0.000001
0.000001
0.000001
0.000000
0.000000
0.000001
0.000001
0.000001
0.000001
0.000001
0.000000
0.000000
0.000000
0.000001
0.000001
0.000001
0.000000
0.000000
0.000000
0.000000
0.000000
0.000001
0.000000
0.000000
0.000001
0.000001
0.000001
0.000001
0.000000
0.000000
0.000000
0.000000
0.000001
0.000001
0.000001
0.000001
0.000000
0.000000
0.000000
0.000000
0.006719
0.000066
0.000096
0.000100
0.000120
0.000144
0.000057
0.000048
0.000002
0.000001
0.000001
0.000001
0.000001
0.000000
0.000001
0.000001
0.000001
0.000001
0.000000
0.000000
0.000002
0.000000
0.000000
0.000001
0.000000
0.000000
0.000000
0.000001
0.000000
0.000079
0.000000
0.000000
0.000000
0.000000
0.000001
0.000001
0.000002
0.000001
0.000001
0.000000
0.000000
0.000000
0.000483
0.000560
0.000001
0.000001
0.000000
0.000109
0.000001
0.002395
0.000011
0.000008
0.000960
0.000001
0.000000
0.000000
0.000001
0.000001
0.000001
0.000116
0.001641
0.000001
0.000098
0.000001
0.000000
0.008222
0.000013
0.005206
0.000127
0.000092
0.000001
0.000000
0.000001
0.000000
0.000000
0.000000
0.000001
0.000001
0.000001
0.000001
0.000001
0.000001
0.000001
0.000001
0.000003
0.000001
0.000001
0.000001
0.000001
0.000001
0.000001
0.000001
0.000000
0.000000
0.000000
0.000000
0.000001
0.000160
0.000002
0.000001
0.001749
0.000003
0.000000
0.000001
0.000001
0.000001
0.000000
0.000001
0.000001
0.000001
0.000000
0.000001
0.000001
0.000001
0.000003
0.000445
0.000039
0.000002
0.000001
0.000000
0.000001
0.000001
0.000000
0.000001
0.000001
0.000001
0.000000
0.000000
0.000001
0.000001
0.000002
0.007298
0.000990
0.000069
0.000002
0.000001
0.000000
0.000001
0.000001
0.000001
0.000000
0.000001
0.000001
0.000000
0.000001
0.000000
0.000001
0.000004
0.000001
0.000001
0.000001
0.004803
0.000064
0.000002
0.000001
0.000001
0.000001
0.000000
0.000001
0.000001
0.000001
0.000002
0.000001
0.000000
0.000001
0.000001
0.000001
0.000001
0.000001
0.000000
0.000000
0.000001
0.000000
0.000001
0.000001
0.000001
0.000000
0.000000
0.000001
0.000001
0.000002
0.000001
0.000000
0.000000
0.000001
0.000000
0.000001
0.000001
0.000000
0.000001
0.000000
0.000002
