0.000317
0.003668
0.101501
0.000004
0.000000
0.000001
0.000000
0.000000
0.004976
0.000004
0.006965
0.000005
0.000001
0.000001
0.000001
0.000000
0.000000
0.000000
0.000170
0.000002
0.000134
0.000199
0.000001
0.000683
0.018960
0.000004
0.000000
0.000001
0.000002
0.000000
0.000003
0.000291
0.000001
0.000188
0.000208
0.000001
0.000153
0.000205
0.000001
0.000218
0.000541
0.000002
0.010604
0.000003
0.000001
0.000001
0.001590
0.016552
0.000003
0.000000
0.000001
0.000000
0.000628
0.010676
0.000003
0.000000
0.000001
0.000180
0.000002
0.000256
0.000204
0.000001
0.000224
0.000228
0.000002
0.000524
0.023494
0.000004
0.000001
0.000000
0.000000
0.000000
0.000273
0.000176
0.000001
0.000183
0.000278
0.000000
0.000153
0.000196
0.000001
0.000208
0.000202
0.000001
0.000523
0.012561
0.000003
0.000000
0.000001
0.000256
0.000001
0.000382
0.000003
0.000001
0.000143
0.000162
0.000002
0.000242
0.000234
0.000245
0.000001
0.000570
0.032271
0.000004
0.000000
0.000001
0.000003
0.000002
0.000280
0.000001
0.000148
0.000233
0.000165
0.000013
0.000260
0.000255
0.000002
0.000244
0.000340
0.000014
0.017121
0.000404
0.000001
0.000000
0.000786
0.000002
0.000001
0.000000
0.000001
0.000484
0.000002
0.000001
0.000001
0.000000
0.000236
0.006218
0.000005
0.000001
0.000001
0.000002
0.000161
0.000001
0.000254
0.008175
0.000004
0.000000
0.000001
0.000001
0.000000
0.000001
0.000000
0.000001
0.000001
0.000000
0.000001
0.000001
0.000001
0.000000
0.000194
0.000002
0.000000
0.000331
0.000208
0.000001
0.000181
0.000228
0.000417
0.000001
0.014786
0.000005
0.000001
0.000001
0.000003
0.000000
0.000344
0.000002
0.000001
0.000261
0.000234
0.000330
0.000002
0.000001
0.000199
0.000002
0.000612
0.016553
0.000005
0.000169
0.000508
0.000002
0.001283
0.024389
0.000005
0.000002
0.000000
0.000173
0.000182
0.000001
0.000221
0.000205
0.000001
0.000265
0.000246
0.000002
0.000112
0.000191
0.000240
0.000001
0.000372
0.192439
0.000005
0.000000
0.000001
0.000240
0.000002
0.000306
0.000002
0.000559
0.000001
0.013989
0.000004
0.000000
0.000001
0.000000
0.000000
0.000001
0.000000
0.000000
0.000000
0.000000
0.000000
0.000000
0.000000
0.000001
0.000001
0.000001
0.000001
0.000001
0.000001
0.000001
0.000001
0.000001
0.000000
0.000000
0.000000
0.000001
0.000001
0.000001
0.000000
0.000000
0.000001
0.000001
0.000001
0.000001
0.000000
0.000000
0.000000
0.000000
0.000000
0.000000
0.000000
0.000000
0.000001
0.000001
0.000001
0.000000
0.000000
0.000001
0.000001
0.000001
0.000001
0.000000
0.000000
0.000000
0.027306
0.000004
0.000001
0.000227
0.000001
0.000108
0.001102
0.000007
0.011366
0.000497
0.000004
0.000001
0.000003
0.000002
0.000001
0.000001
0.000001
0.000001
0.000493
0.000003
0.000001
0.000325
0.019293
0.000144
0.000002
0.000002
0.000001
0.000001
0.000000
0.000001
0.000001
0.000001
0.000001
0.000001
0.000000
0.000001
0.000000
0.000003
0.000000
0.017438
0.000004
0.000002
0.000001
0.000001
0.000000
0.000268
0.000001
0.000210
0.000193
0.000001
0.000260
0.000192
0.000189
0.000001
0.000200
0.000580
0.000001
0.007958
0.000004
0.000001
0.000001
0.000375
0.000002
0.000225
0.000259
0.000001
0.000000
0.000322
0.000188
0.000001
0.000217
0.000001
0.000001
0.000425
0.012316
0.000005
0.000001
0.000001
0.000002
0.000038
0.000007
0.000132
0.000001
0.010087
0.000009
0.000000
0.000002
0.000001
0.000000
0.001736
0.020255
0.000075
0.000002
0.000001
0.000001
0.000001
0.000000
0.000000
0.000001
0.000423
0.000589
0.000001
0.000261
0.001443
0.000005
0.006181
0.000049
0.000002
0.000000
0.000000
0.000000
0.000001
0.000000
0.000000
0.000001
0.000249
0.000358
0.000002
0.000000
0.000294
0.000002
0.000314
0.000002
0.000220
0.000001
0.000691
0.073562
0.000145
0.000001
0.000001
0.000001
0.000001
0.000000
0.000000
0.000000
0.000001
0.000121
0.000001
0.000237
0.000176
0.000002
0.000253
0.000823
0.000002
0.039192
0.000061
0.000002
0.000002
0.000002
0.000001
0.000000
0.000107
0.000001
0.000000
0.000000
0.000000
0.000001
0.000000
0.000000
0.000000
0.000000
0.000001
0.000000
0.000002
0.000345
0.000001
0.016150
0.031768
0.000003
0.013280
0.021945
0.000012
0.024877
0.024858
0.026673
0.000090
0.003970
0.005310
0.000003
0.004047
0.005297
0.000005
0.006563
0.002850
0.004184
0.002811
0.000004
0.007695
0.008131
0.000005
0.000001
0.000000
0.001484
0.000007
0.000000
0.000000
0.000001
0.000001
0.001541
0.000005
0.000001
0.000001
0.000001
0.000001
0.000000
0.006375
0.000190
0.000084
0.000061
0.000005
0.000000
0.000002
0.000002
0.000001
0.000001
0.000001
0.000001
0.000001
0.000001
0.000001
0.000000
0.000583
0.000008
0.012821
0.000004
0.000004
0.000000
0.000001
0.000001
0.000001
0.000001
0.000001
0.000000
0.000001
0.000001
0.000000
0.000001
0.000000
0.000001
0.000000
0.004228
0.000004
0.000001
0.000193
0.000189
0.000002
0.000151
0.000292
0.000001
0.000299
0.000001
0.000082
0.000804
0.000002
0.000001
0.000001
0.000254
0.005308
0.000003
0.000289
0.000002
0.000000
0.000001
0.000563
0.000003
0.000464
0.000003
0.000001
0.000001
0.000000
0.000228
0.000002
0.000202
0.003377
0.000002
0.002983
0.000005
0.000001
0.000312
0.000002
0.000003
0.000281
0.000435
0.000208
0.000002
0.000001
0.001891
0.000002
0.002390
0.000004
0.000607
0.000002
0.000003
0.004631
0.000004
0.000279
0.000002
0.000210
0.000287
0.000001
0.000000
0.000402
0.000001
0.000001
0.000496
0.000001
0.000001
0.000222
0.000417
0.000001
0.010949
0.000096
0.000002
0.000000
0.000003
0.000000
0.000000
0.000000
0.000210
0.000002
0.000001
0.000792
0.000003
0.000000
0.000733
0.000005
0.000001
0.010501
0.000002
0.000542
0.000004
0.000001
0.000002
0.001966
0.000005
0.000001
0.000001
0.000001
0.000000
0.000001
0.000003
0.000000
0.000001
0.000001
0.000001
0.003420
0.000003
0.000001
0.000290
0.000277
0.000347
0.000002
0.000001
0.000440
0.000002
0.000001
0.000364
0.000001
0.000001
0.000182
0.000001
0.000355
0.010282
0.000004
0.000002
0.000001
0.000001
0.000000
0.000001
0.000001
0.000001
0.000000
0.000001
0.000001
0.000000
0.000001
0.000000
0.000000
0.000000
0.000001
0.009054
0.000003
0.000001
0.000001
0.000001
0.000002
0.000001
0.000001
0.000000
0.000001
0.000001
0.000000
0.000001
0.000001
0.000001
0.000000
0.000190
0.003575
0.000004
0.000001
0.000355
0.000003
0.000001
0.000274
0.000003
0.000001
0.000931
0.001546
0.000004
0.000569
0.057095
0.000004
0.000040
0.000000
0.000001
0.000217
0.000272
0.000001
0.000001
0.000387
0.000003
0.000000
0.000328
0.000002
0.000001
0.000201
0.000541
0.000001
0.005676
0.000004
0.000001
0.000291
0.000433
0.000003
0.000072
0.002763
0.000002
0.000001
0.000002
0.000001
0.000000
0.000001
0.000000
0.000000
0.000001
0.009389
0.000003
0.000001
0.000000
0.000001
0.000001
0.000001
0.000001
0.000000
0.000001
0.000000
0.000000
0.000306
0.000002
0.000001
0.000001
0.000000
0.011548
0.000063
0.000002
0.000001
0.000000
0.000001
0.000000
0.000001
0.000000
0.000001
0.000001
0.000000
0.000001
0.000001
0.000001
0.000003
0.000000
0.000384
0.016774
0.000006
0.000001
0.000001
0.000001
0.000001
0.005339
0.000003
0.000001
0.000001
0.000001
0.000000
0.000002
0.000001
0.000001
0.000002
0.000001
0.000001
0.004268
0.000005
0.000001
0.000001
0.000001
0.000001
0.000224
0.000006
0.000122
0.000001
0.000265
0.000253
0.000002
0.000157
0.000278
0.000002
0.000466
0.010528
0.000004
0.000001
0.000001
0.000151
0.000001
0.000298
0.000002
0.000000
0.001618
0.000003
0.000000
0.000000
0.000001
0.000000
0.000000
0.000001
0.011952
0.000012
0.000001
0.000001
0.000001
0.000003
0.004276
0.000062
0.000002
0.000001
0.000001
0.000001
0.000001
0.000000
0.000001
0.000000
0.000001
0.000061
0.000002
0.000000
0.000000
0.000002
0.000000
0.000164
0.000002
0.000137
0.000265
0.000002
0.000213
0.000247
0.000002
0.000892
0.000006
0.012097
0.000004
0.000000
0.000000
0.000000
0.000001
0.000000
0.000001
0.000001
0.000001
0.000001
0.000001
0.000000
0.000001
0.000001
0.000001
0.000001
0.006356
0.000006
0.000001
0.000001
0.000002
0.000001
0.000288
0.000358
0.000002
0.000000
0.000254
0.000003
0.000224
0.000181
0.000232
0.000002
0.000635
0.008127
0.000004
0.000001
0.000001
0.000000
0.000000
0.000000
0.000001
0.000001
0.000000
0.000297
0.000001
0.000000
0.000243
0.000002
0.000224
0.000571
0.000002
0.015015
0.000002
0.000001
0.000001
0.000001
0.000000
0.000001
0.000001
0.000001
0.000001
0.000001
0.000001
0.000000
0.000001
0.000000
0.000001
0.009833
0.000006
0.000001
0.000001
0.000001
0.000001
0.000944
0.000005
0.000000
0.001399
0.000005
0.000000
0.000000
0.000001
0.000000
0.000001
0.001876
0.006596
0.000004
0.000001
0.000000
0.000000
0.000001
0.000000
0.000001
0.000001
0.000001
0.000001
0.000001
0.000001
0.000003
0.000001
0.000001
0.000002
0.000001
0.009725
0.000019
0.000004
0.000002
0.000006
0.000004
0.000004
0.000003
0.000004
0.000003
0.000003
0.000001
0.000003
0.000003
0.000002
0.000002
0.000004
0.008208
0.000005
0.000001
0.000001
0.000001
0.000000
0.000000
0.000001
0.000001
0.000001
0.000000
0.000000
0.000000
0.000001
0.000001
0.001025
0.000004
0.005621
0.000435
0.000002
0.000000
0.000001
0.000001
0.000000
0.000241
0.000002
0.000001
0.000276
0.000001
0.000228
0.000389
0.011568
0.000312
0.000002
0.009396
0.000004
0.000001
0.000001
0.000001
0.000000
0.000001
0.000001
0.000001
0.000000
0.000003
0.000000
0.000001
0.012272
0.000008
0.000001
0.005071
0.000004
0.000003
0.000002
0.000000
0.000000
0.000001
0.000001
0.000166
0.000002
0.000207
0.000259
0.000002
0.000292
0.000132
0.000002
0.000281
0.000143
0.000001
0.000540
0.012802
0.000012
0.000001
0.000003
0.000202
0.000001
0.000001
0.000001
0.000000
0.000001
0.000000
0.000000
0.000000
0.000000
0.000001
0.000001
0.000001
0.006375
0.000005
0.000001
0.000000
0.000192
0.000001
0.000198
0.000349
0.000001
0.000429
0.000002
0.000276
0.000002
0.000001
0.000298
0.000478
0.000002
0.010277
0.000003
0.000000
0.000000
0.000000
0.000344
0.000002
0.000001
0.000238
0.000002
0.000153
0.000200
0.000002
0.000257
0.000229
0.000001
0.000470
0.004509
0.000003
0.000001
0.000001
0.000292
0.000001
0.000228
0.000538
0.000002
0.000001
0.000397
0.000002
0.000000
0.000330
0.000003
0.000001
0.004016
0.004253
0.000006
0.000001
0.000001
0.000002
0.000001
0.000296
0.000002
0.000353
0.000003
0.000001
0.000406
0.000002
0.000142
0.000294
0.000001
0.000225
0.000350
0.014675
0.000013
0.000001
0.000701
0.000006
0.000001
0.000001
0.000004
0.000000
0.000001
0.000001
0.000001
0.000001
0.000001
0.000001
0.000001
0.000000
0.000000
0.007449
0.000005
0.000001
0.000001
0.000000
0.000195
0.000004
0.000226
0.004838
0.000006
0.000002
0.000001
0.000000
0.000001
0.000002
0.000000
0.000001
0.000824
0.000006
0.000000
0.000001
0.000259
0.000002
0.000001
0.000274
0.000001
0.000204
0.000220
0.000002
0.000183
0.000138
0.000259
0.000002
0.000709
0.011607
0.000010
0.000001
0.000002
0.000002
0.000002
0.000002
0.000001
0.000001
0.000001
0.000002
0.000002
0.000002
0.000002
0.000001
0.000006
0.000002
0.000001
0.005554
0.016034
0.000002
0.000257
0.006712
0.000003
0.000001
0.006291
0.000009
0.000002
0.000001
0.000002
0.000000
0.000001
0.000001
0.000001
0.000001
0.000001
0.000001
0.000001
0.000001
0.000000
0.003131
0.000185
0.000002
0.000000
0.000000
0.000001
0.000296
0.000001
0.000184
0.000005
0.000001
0.000002
0.000000
0.000001
0.000001
0.000001
0.000001
0.005375
0.000005
0.000001
0.000001
0.000148
0.000002
0.000182
0.005454
0.000044
0.000004
0.000002
0.000000
0.000001
0.000002
0.000001
0.000001
0.000001
0.000002
0.007198
0.000006
0.000001
0.000003
0.000001
0.000001
0.000000
0.000001
0.000001
0.000001
0.000001
0.000001
0.000000
0.000001
0.000001
0.000001
0.013133
0.000005
0.000001
0.000001
0.000001
0.000001
0.000001
0.000001
0.000000
0.000001
0.000001
0.000001
0.000000
0.000001
0.000001
0.000001
0.000004
0.008779
0.000014
0.000007
0.000005
0.000013
0.000004
0.000004
0.000003
0.000000
0.000000
0.000001
0.000001
0.000001
0.000000
0.000001
0.000000
0.000001
0.000001
0.018584
0.000008
0.000001
0.000001
0.000001
0.000001
0.000001
0.000002
0.000001
0.000001
0.000001
0.000002
0.000001
0.000001
0.009517
0.000005
0.000175
0.004879
0.000096
0.000005
0.000002
0.000003
0.000002
0.000001
0.000001
0.000001
0.000001
0.000001
0.000001
0.000004
0.000002
0.000001
0.000001
0.000001
0.000002
0.045055
0.000407
0.000001
0.000428
0.000410
0.000001
0.000871
0.084368
0.000004
0.000001
0.000001
0.000001
0.000000
0.000190
0.000245
0.000002
0.000308
0.000002
0.000000
0.000257
0.000272
0.000235
0.000001
0.000600
0.028592
0.000005
0.000001
0.000660
0.000002
0.000000
0.000001
0.000001
0.000001
0.000728
0.000003
0.000001
0.000000
0.000000
0.000001
0.000198
0.000577
0.000002
0.014444
0.000007
0.000003
0.000001
0.000001
0.010629
0.000001
0.007719
0.000004
0.000001
0.000001
0.000000
0.002144
0.002552
0.000005
0.000012
0.000002
0.000001
0.000002
0.000001
0.000001
0.000001
0.000001
0.003657
0.000009
0.004618
0.000004
0.000000
0.000001
0.000128
0.000001
0.000197
0.004941
0.000013
0.000001
0.000001
0.000000
0.000001
0.000001
0.000001
0.000001
0.000000
0.000001
0.000001
0.000001
0.000001
0.000250
0.000001
0.000000
0.000455
0.000003
0.000001
0.000651
0.000008
0.000001
0.004593
0.000003
0.002873
0.001900
0.000002
0.000000
0.000001
0.000002
0.000001
0.000187
0.000213
0.000002
0.000173
0.000209
0.000261
0.000001
0.000203
0.000001
0.000229
0.000538
0.000002
0.009746
0.000006
0.000001
0.000001
0.000001
0.000000
0.000001
0.000001
0.000001
0.000000
0.000246
0.000290
0.000001
0.000001
0.000294
0.000002
0.000480
0.005220
0.000004
0.000001
0.000002
0.000001
0.000001
0.000000
0.000000
0.000001
0.000003
0.000540
0.000002
0.000000
0.000001
0.000001
0.000238
0.000538
0.000002
0.008798
0.000003
0.000144
0.000002
0.000151
0.000193
0.000002
0.000265
0.000168
0.000001
0.000211
0.000197
0.000001
0.000235
0.000242
0.000644
0.000001
0.004955
0.000003
0.000000
0.000001
0.000001
0.000000
0.000001
0.000001
0.000000
0.001150
0.000004
0.000001
0.000000
0.000001
0.000000
0.000000
0.000408
0.000002
0.015236
0.000003
0.000000
0.000003
0.000003
0.000210
0.000001
0.000391
0.000961
0.000006
0.000001
0.000002
0.000001
0.000000
0.000228
0.000003
0.000201
0.006398
0.000005
0.000000
0.000001
0.000001
0.000000
0.000001
0.000001
0.000001
0.000263
0.000137
0.000001
0.000209
0.000206
0.000002
0.000209
0.000728
0.008158
0.000004
0.000002
0.000148
0.000003
0.000001
0.000001
0.000001
0.000184
0.000204
0.000001
0.000155
0.000190
0.000190
0.000001
0.000219
0.000603
0.000003
0.002745
0.000005
0.000002
0.000001
0.000003
0.000003
0.000000
0.000001
0.000222
0.000132
0.000001
0.000312
0.000260
0.000007
0.000001
0.000001
0.001054
0.000002
0.021029
0.000004
0.000001
0.000002
0.000226
0.000250
0.000002
0.000207
0.000181
0.000002
0.000184
0.000218
0.000002
0.000219
0.000218
0.000763
0.000004
0.006864
0.000004
0.000001
0.000000
0.000001
0.000000
0.000001
0.000000
0.000001
0.000001
0.000001
0.000000
0.000001
0.000001
0.000001
0.000001
0.000001
0.002913
0.000004
0.000001
0.000000
0.000000
0.000143
0.000261
0.000001
0.000353
0.000002
0.000393
0.000002
0.000001
0.000392
0.000001
0.000223
0.000668
0.000004
0.006672
0.000007
0.000001
0.000001
0.000001
0.000546
0.000012
0.000001
0.000001
0.000001
0.000211
0.000004
0.000386
0.000003
0.000001
0.000179
0.001099
0.039633
0.000004
0.000000
0.000001
0.000000
0.000001
0.000203
0.000001
0.000119
0.000292
0.000002
0.000207
0.000336
0.000614
0.000004
0.005438
0.000004
0.000000
0.000000
0.000001
0.000001
0.000213
0.000213
0.000001
0.000329
0.000002
0.000912
0.000008
0.000256
0.000002
0.000001
0.000001
0.001841
0.000005
0.000001
0.000001
0.000002
0.000001
0.000214
0.000002
0.000997
0.009235
0.000013
0.000001
0.000004
0.000003
0.000002
0.000001
0.000002
0.000001
0.000003
0.000002
0.000001
0.000001
0.000001
0.000001
0.000001
0.000001
0.000001
0.000001
0.000002
0.000001
0.000002
0.000001
0.000001
0.000002
0.000001
0.032848
0.000005
0.000002
0.000001
0.000001
0.000205
0.000164
0.000002
0.000199
0.000209
0.000000
0.000183
0.000281
0.000140
0.000001
0.000200
0.000601
0.000002
0.006281
0.000006
0.000001
0.000001
0.000001
0.000000
0.000001
0.000000
0.000000
0.000001
0.000000
0.000001
0.000000
0.000001
0.000233
0.000002
0.000410
0.012197
0.000465
0.000004
0.000002
0.002388
0.000091
0.000011
0.000001
0.000002
0.000001
0.000001
0.000001
0.000001
0.000002
0.000004
0.000001
0.000001
0.004885
0.000009
0.003699
0.000045
0.000002
0.000001
0.000000
0.000001
0.000001
0.000001
0.000000
0.000001
0.000001
0.000001
0.000001
0.000012
0.000001
0.000001
0.000001
0.000000
0.000001
0.000003
0.000000
0.000000
0.000001
0.000000
0.000000
0.014722
0.000003
0.000000
0.000000
0.000000
0.000001
0.000001
0.000001
0.000000
0.000174
0.000283
0.000001
0.000301
0.000223
0.000172
0.000002
0.000141
0.000168
0.000001
0.000258
0.000429
0.000001
0.008775
0.000016
0.000007
0.000002
0.000001
0.000001
0.000001
0.007986
0.000004
0.000000
0.000001
0.000001
0.000002
0.000001
0.000000
0.000000
0.000000
0.000000
0.000155
0.000001
0.000125
0.000268
0.000001
0.000534
0.000001
0.013426
0.000184
0.000002
0.000001
0.000001
0.000001
0.000000
0.000001
0.000001
0.000000
0.000001
0.000001
0.000001
0.000001
0.000000
0.000001
0.000002
0.009983
0.000061
0.000001
0.000001
0.000000
0.000001
0.000001
0.000000
0.000001
0.000000
0.000001
0.000000
0.000001
0.000000
0.000001
0.000001
0.000001
0.000000
0.000001
0.000001
0.000001
0.000001
0.000130
0.000140
0.000001
0.000216
0.000198
0.000001
0.000226
0.001186
0.000005
0.000001
0.000001
0.006308
0.000004
0.000113
0.000002
0.000001
0.000000
0.000062
0.000002
0.000001
0.000001
0.000001
0.000001
0.000000
0.000001
0.000001
0.000002
0.000000
0.000498
0.018589
0.000004
0.000001
0.005738
0.000014
0.000002
0.000001
0.000001
0.000001
0.000001
0.000001
0.000001
0.000001
0.000001
0.000001
0.000001
0.000958
0.002877
0.000005
0.000001
0.000000
0.000001
0.000001
0.000000
0.000000
0.000146
0.000500
0.000003
0.000000
0.000003
0.000000
0.000377
0.000144
0.000656
0.000004
0.009644
0.000004
0.000001
0.000000
0.000000
0.000000
0.000000
0.000000
0.000000
0.000000
0.000001
0.000001
0.000001
0.000001
0.000001
0.000001
0.000001
0.000001
0.007261
0.000004
0.000001
0.000001
0.000001
0.000001
0.000000
0.000001
0.010675
0.000002
0.000001
0.000001
0.000001
0.000000
0.000000
0.000001
0.000001
0.000001
0.000001
0.000001
0.000001
0.000001
0.000001
0.000000
0.000200
0.000001
0.157897
0.166883
0.000004
0.000002
0.000512
0.000001
0.000000
0.000001
0.000210
0.000001
0.000197
0.000143
0.000001
0.000565
0.008915
0.000005
0.000002
0.000002
0.000001
0.000001
0.000006
0.000001
0.000001
0.000001
0.000033
0.000004
0.001412
0.000003
0.000001
0.002206
0.016753
0.000005
0.000002
0.000001
0.000000
0.000000
0.000070
0.000075
0.000002
0.000001
0.000001
0.000001
0.000000
0.000001
0.000001
0.000001
0.000000
0.000001
0.000001
0.000000
0.000001
0.000000
0.000001
0.000001
0.000001
0.000000
0.000001
0.000001
0.000070
0.000002
0.000001
0.000001
0.000001
0.000001
0.000001
0.000001
0.000001
0.000003
0.000001
0.000001
0.000001
0.000330
0.016148
0.000003
0.000350
0.006896
0.000003
0.009963
0.000047
0.000003
0.000001
0.000003
0.000000
0.000001
0.000001
0.000000
0.000001
0.000001
0.000000
0.000001
0.000000
0.000000
0.000000
0.000001
0.000001
0.000001
0.001358
0.015322
0.000004
0.000204
0.013328
0.000004
0.000052
0.000002
0.000001
0.000000
0.000000
0.000001
0.000001
0.000001
0.000001
0.000001
0.000000
0.000000
0.000000
0.000000
0.000000
0.000000
0.000000
0.000216
0.000265
0.000002
0.020001
0.000005
0.000001
0.000001
0.000003
0.000001
0.000001
0.000001
0.000001
0.000000
0.000000
0.000115
0.000002
0.000228
0.000169
0.000001
0.000277
0.000115
0.000002
0.000928
0.003309
0.000002
0.000000
0.000001
0.000001
0.000001
0.000222
0.000001
0.000000
0.000293
0.000254
0.000002
0.000281
0.000002
0.000280
0.000002
0.000728
0.008538
0.000003
0.000001
0.008857
0.000119
0.000075
0.000002
0.000000
0.000084
0.000002
0.000000
0.000001
0.000000
0.000001
0.000000
0.000001
0.000001
0.000001
0.000001
0.000001
0.000000
0.000000
0.000001
0.000003
0.000000
0.000143
0.000204
0.000002
0.000156
0.000202
0.000001
0.000234
0.000829
0.000002
0.029801
0.000005
0.000001
0.000617
0.006571
0.000004
0.000001
0.000002
0.000000
0.000001
0.000253
0.000001
0.000149
0.000196
0.000315
0.000001
0.000185
0.000126
0.000002
0.000203
0.000493
0.000001
0.005629
0.000002
0.000001
0.000001
0.000420
0.000002
0.000606
0.000003
0.000001
0.000001
0.000000
0.000001
0.000000
0.000579
0.000001
0.000001
0.000498
0.006121
0.000003
0.000001
0.000001
0.000001
0.000426
0.000001
0.000001
0.000000
0.000228
0.000002
0.000000
0.000267
0.000268
0.000001
0.000212
0.000462
0.000002
0.012038
0.000004
0.000000
0.003832
0.000005
0.000001
0.000001
0.000002
0.000001
0.000001
0.000000
0.000001
0.000001
0.000000
0.000001
0.000001
0.000265
0.025912
0.000004
0.000000
0.000002
0.000000
0.000000
0.000000
0.000000
0.000000
0.000000
0.000000
0.000001
0.000164
0.000166
0.000000
0.000264
0.000793
0.000004
0.014878
0.000002
0.000000
0.000000
0.008094
0.002153
0.000005
0.000000
0.000000
0.000001
0.000246
0.000134
0.000001
0.000232
0.000265
0.000002
0.000233
0.000325
0.000002
0.000001
0.001305
0.000003
0.000000
0.007186
0.000005
0.000001
0.000715
0.000005
0.000001
0.000001
0.000263
0.000005
0.000000
0.000910
0.000003
0.000001
0.000001
0.000001
0.000001
0.000918
0.012241
0.000004
0.000001
0.000000
0.000000
0.001793
0.000161
0.000036
0.000001
0.000001
0.000002
0.000002
0.000000
0.000001
0.000001
0.000002
0.000001
0.000001
0.000002
0.000001
0.000000
0.000001
0.000294
0.000002
0.000000
0.097446
0.000004
0.000002
0.000001
0.000000
0.000001
0.000003
0.000001
0.000000
0.000267
0.000181
0.000001
0.000216
0.000210
0.000001
0.000243
0.000244
0.000001
0.011081
0.000003
0.000002
0.000000
0.000212
0.000001
0.000000
0.000315
0.000001
0.000001
0.000001
0.000000
0.000001
0.000001
0.000000
0.000001
0.000001
0.000000
0.000001
0.000000
0.000378
0.000002
0.000001
0.000268
0.000298
0.000002
0.000183
0.000180
0.000001
0.000307
0.098808
0.000046
0.000001
0.000001
0.000000
0.000000
0.000000
0.000001
0.000001
0.000001
0.000001
0.000000
0.000000
0.000001
0.000000
0.000001
0.000000
0.000001
0.000517
0.003396
0.000005
0.000001
0.000001
0.000002
0.000000
0.000238
0.000266
0.000001
0.000135
0.000657
0.000004
0.000001
0.000000
0.000001
0.000157
0.000002
0.000723
0.011468
0.000005
0.000001
0.000001
0.000001
0.000001
0.000001
0.000001
0.000001
0.000000
0.000001
0.000001
0.000001
0.000001
0.000001
0.000001
0.000001
0.003296
0.000005
0.000001
0.003389
0.000005
0.000001
0.000002
0.000001
0.000001
0.000001
0.000001
0.000000
0.000323
0.015877
0.000003
0.000001
0.000001
0.000263
0.000001
0.000001
0.000203
0.000002
0.000240
0.000265
0.000002
0.000370
0.000001
0.000001
0.000260
0.000720
0.002082
0.000014
0.000003
0.000003
0.000001
0.000002
0.000002
0.000001
0.005331
0.000002
0.000000
0.000319
0.000002
0.000001
0.000001
0.000001
0.000001
0.000000
0.000001
0.000436
0.000002
0.000001
0.000001
0.000001
0.000001
0.000001
0.000001
0.000001
0.000000
0.000000
0.000321
0.000613
0.000002
0.001315
0.098479
0.000003
0.002013
0.000003
0.000001
0.000000
0.000256
0.000212
0.000000
0.000189
0.000357
0.000001
0.000098
0.000278
0.000002
0.000269
0.000225
0.000002
0.000357
0.009288
0.000002
0.000002
0.000001
0.000001
0.000001
0.000000
0.000000
0.000000
0.000000
0.000000
0.000000
0.000222
0.000221
0.000176
0.000001
0.000603
0.004695
0.000003
0.008284
0.000009
0.000002
0.000001
0.000001
0.000001
0.000002
0.000001
0.000001
0.000001
0.000000
0.001503
0.000003
0.000001
0.000001
0.000001
0.000001
0.000000
0.000000
0.000001
0.000001
0.000001
0.000001
0.000000
0.000001
0.000000
0.000001
0.000001
0.036666
0.000004
0.000001
0.000001
0.000001
0.000001
0.000000
0.000001
0.000001
0.000000
0.004366
0.000003
0.000001
0.000000
0.000628
0.000001
0.000001
0.000482
0.000001
0.000249
0.007926
0.094280
0.000004
0.014472
0.000005
0.000000
0.000001
0.000001
0.000001
0.000001
0.000000
0.000000
0.001186
0.000005
0.000000
0.000001
0.000001
0.000000
0.000000
0.000001
0.000001
0.000000
0.000000
0.000001
0.000001
0.000000
0.000001
0.000001
0.000001
0.000001
0.002309
0.000004
0.092466
0.001908
0.000003
0.000000
0.000012
0.000257
0.000002
0.000001
0.000333
0.000001
0.000000
0.004438
0.000003
0.000001
0.000005
0.000001
0.000001
0.000001
0.000001
0.000001
0.000215
0.000001
0.000181
0.000176
0.000001
0.000141
0.000277
0.000001
0.000542
0.001241
0.000002
0.000195
0.000153
0.000270
0.000001
0.000151
0.000177
0.000001
0.000262
0.001344
0.000002
0.001693
0.000003
0.000000
0.000000
0.000575
0.019977
0.000004
0.000000
0.000003
0.000000
0.000269
0.000003
0.000001
0.000459
0.000002
0.000001
0.000001
0.000398
0.000002
0.000001
0.000001
0.000001
0.000437
0.002469
0.000007
0.000002
0.000001
0.000508
0.000002
0.000002
0.000000
0.000001
0.000001
0.000001
0.000001
0.000001
0.000001
0.000000
0.000001
0.000001
0.008850
0.000106
0.000002
0.000001
0.000000
0.000001
0.000000
0.000001
0.000000
0.000001
0.000001
0.000000
0.000001
0.000001
0.000000
0.000001
0.000207
0.000001
0.000958
0.000304
0.000247
0.000001
0.000172
0.000188
0.000001
0.011327
0.000460
0.000021
0.000003
0.000003
0.000006
0.000003
0.000002
0.000002
0.000005
0.000003
0.000001
0.000002
0.000004
0.000001
0.000003
0.000003
0.000002
0.000018
0.000002
0.000003
0.017328
0.000012
0.000001
0.000001
0.000079
0.000039
0.000000
0.000001
0.000002
0.000001
0.000000
0.000001
0.000001
0.000001
0.000001
0.000197
0.000001
0.004491
0.000003
0.000001
0.000000
0.000002
0.000000
0.000000
0.000000
0.000415
0.000002
0.000348
0.000002
0.000003
0.000001
0.000271
0.000002
0.000600
0.001545
0.000005
0.000001
0.000002
0.000001
0.000001
0.000210
0.000174
0.000002
0.000188
0.000235
0.000001
0.000216
0.000181
0.000002
0.000215
0.000568
0.000002
0.021486
0.000121
0.000004
0.000001
0.000001
0.000002
0.000002
0.000001
0.000001
0.000001
0.000001
0.000002
0.000003
0.000001
0.000002
0.000001
0.000001
0.000002
0.000001
0.000001
0.000001
0.000001
0.000001
0.000007
0.000001
0.000001
0.012020
0.000004
0.000000
0.000001
0.000380
0.000041
0.000003
0.000479
0.000003
0.000001
0.000001
0.000000
0.000171
0.003513
0.002175
0.000004
0.000332
0.000531
0.000003
0.000534
0.001232
0.000004
0.121844
0.000006
0.000001
0.014768
0.000004
0.000000
0.000000
0.000001
0.000000
0.000000
0.000000
0.000000
0.000000
0.000000
0.000000
0.000001
0.000001
0.002486
0.000004
0.004762
0.000004
0.003368
0.000006
0.000002
0.000002
0.000001
0.000001
0.000002
0.000001
0.000001
0.000002
0.000001
0.000002
0.000001
0.000385
0.017182
0.000079
0.000002
0.000000
0.000076
0.000047
0.000001
0.000001
0.000003
0.000001
0.000001
0.000001
0.000000
0.000001
0.000002
0.000001
0.000001
0.000002
0.000001
0.000000
0.000001
0.000001
0.000001
0.000000
0.002722
0.000003
0.000001
0.000001
0.000000
0.000001
0.000001
0.000001
0.000001
0.022510
0.000004
0.000000
0.000001
0.000001
0.000000
0.000876
0.008097
0.000007
0.006243
0.010987
0.000004
0.002506
0.001542
0.000004
0.003915
0.001888
0.000005
0.010224
0.001461
0.004550
0.000002
0.008569
0.003318
0.000003
0.000652
0.006242
0.000013
0.000005
0.000006
0.000004
0.000004
0.000004
0.000004
0.000003
0.000004
0.000003
0.000004
0.000004
0.000003
0.000001
0.000001
0.000000
0.000001
0.000001
0.000182
0.000003
0.000000
0.000000
0.000004
0.000001
0.000001
0.000000
0.000000
0.000000
0.000001
0.002031
0.063665
0.000004
0.000001
0.029219
0.000670
0.000004
0.000001
0.000001
0.000000
0.000001
0.000000
0.000001
0.000000
0.000001
0.000662
0.000006
0.000643
0.000583
0.000003
0.000001
0.000001
0.000000
0.000001
0.030491
0.000005
0.018919
0.000004
0.000000
0.000001
0.000001
0.000000
0.000000
0.000000
0.000000
0.000000
0.000000
0.000000
0.000001
0.000001
0.000000
0.000000
0.000000
0.000000
0.000001
0.000001
0.000001
0.000000
0.000001
0.000001
0.000001
0.000001
0.000000
0.000001
0.000001
0.000001
0.000004
0.000380
0.000417
0.000001
0.000755
0.000885
0.097410
0.000003
0.000001
0.000001
0.000001
0.000346
0.000003
0.000001
0.000001
0.000001
0.000001
0.000000
0.000001
0.000001
0.000000
0.000001
0.000000
0.000001
0.000282
0.000342
0.000495
0.000002
0.001289
0.011456
0.000007
0.000002
0.000000
0.000001
0.000001
0.000001
0.000001
0.000001
0.000001
0.000606
0.000005
0.000001
0.000001
0.000001
0.000001
0.000668
0.000006
0.005828
0.000003
0.000001
0.000001
0.000611
0.000001
0.009049
0.000005
0.000001
0.000001
0.000001
0.000001
0.000000
0.000000
0.000001
0.000000
0.000001
0.000001
0.000001
0.000000
0.000001
0.000000
0.000000
0.000001
0.000001
0.000001
0.000001
0.000000
0.000001
0.000005
0.000010
0.040242
0.000014
0.000001
0.000002
0.000001
0.000001
0.000000
0.000000
0.000001
0.000001
0.000000
0.000001
0.000000
0.000001
0.000532
0.005548
0.000003
0.000247
0.000521
0.000002
0.000389
0.000513
0.000001
0.001055
0.017430
0.000007
0.000001
0.000001
0.000001
0.000001
0.000000
0.000001
0.000000
0.000001
0.000001
0.000001
0.000218
0.000001
0.000000
0.006824
0.000005
0.000000
0.000001
0.000001
0.000001
0.000001
0.000362
0.000007
0.000003
0.000007
0.000001
0.000001
0.000339
0.000003
0.000000
0.000001
0.000487
0.000004
0.125872
0.026725
0.000114
0.000008
0.000006
0.000005
0.000005
0.000004
0.000004
0.000004
0.000004
0.000004
0.000003
0.000004
0.000004
0.000002
0.000001
0.000001
0.000000
0.000245
0.000414
0.000002
0.000471
0.001149
0.000002
0.000000
0.000001
0.000000
0.000001
0.018639
0.000005
0.000001
0.000001
0.000000
0.000001
0.000001
0.000210
0.000184
0.000001
0.000160
0.000220
0.000002
0.008185
0.000002
0.000001
0.000000
0.000001
0.000001
0.000000
0.000000
0.000000
0.002915
0.000003
0.000001
0.000001
0.000000
0.000001
0.000000
0.000001
0.000000
0.000001
0.000001
0.000001
0.000000
0.000003
0.032983
0.000010
0.000006
0.000005
0.000005
0.000004
0.000105
0.000004
0.000003
0.000004
0.000309
0.000001
0.000001
0.000001
0.000001
0.000315
0.000002
0.000259
0.000001
0.000179
0.000319
0.000002
0.008169
0.000003
0.000001
0.000307
0.000002
0.000001
0.000282
0.000001
0.000001
0.000281
0.000423
0.000002
0.000001
0.000001
0.000001
0.000215
0.000622
0.025346
0.000004
0.000000
0.000001
0.000002
0.000001
0.000001
0.000001
0.000000
0.000000
0.000001
0.000001
0.000001
0.000001
0.000001
0.000000
0.000001
0.000001
0.000000
0.000001
0.000000
0.000000
0.000001
0.000000
0.000001
0.000001
0.000000
0.000001
0.000000
0.000001
0.000001
0.000000
0.000004
0.000001
0.001087
0.000003
0.000001
0.007912
0.000245
0.000002
0.000231
0.000339
0.000001
0.000000
0.000316
0.000001
0.000001
0.000300
0.000001
0.000001
0.000604
0.000200
0.000002
0.023284
0.000004
0.000000
0.000000
0.000153
0.000240
0.000001
0.000496
0.000001
0.000506
0.011492
0.000006
0.000001
0.000001
0.000000
0.000001
0.000001
0.000001
0.000001
0.000001
0.000001
0.000001
0.000001
0.000001
0.000000
0.000771
0.000014
0.007901
0.000004
0.000001
0.000001
0.001166
0.000003
0.000000
0.000000
0.000001
0.000000
0.000001
0.000001
0.000001
0.000000
0.000224
0.000001
0.000543
0.005727
0.000004
0.000002
0.000000
0.006393
0.000123
0.000003
0.000001
0.000001
0.000000
0.000001
0.000001
0.000001
0.000000
0.000001
0.000001
0.000000
0.000003
0.000001
0.000000
0.000276
0.107044
0.000002
0.000817
0.001067
0.000003
0.000002
0.000001
0.000000
0.000000
0.000001
0.000001
0.000001
0.000000
0.000334
0.000001
0.000001
0.000580
0.000002
0.012791
0.000005
0.000001
0.000001
0.000001
0.000000
0.000001
0.000001
0.000000
0.000001
0.000001
0.000000
0.000001
0.000001
0.000000
0.000001
0.000001
0.010187
0.000513
0.000267
0.000001
0.001383
0.006574
0.000004
0.000001
0.000001
0.000000
0.000336
0.000383
0.000002
0.000001
0.000000
0.000319
0.000286
0.000002
0.000220
0.000014
0.000001
0.000341
0.007253
0.000003
0.000001
0.000269
0.000003
0.000000
0.000229
0.000253
0.000001
0.000217
0.000276
0.000001
0.000287
0.001158
0.000003
0.000001
0.000001
0.002027
0.000003
0.000001
0.000370
0.000004
0.000002
0.000001
0.000000
0.000542
0.000002
0.000000
0.000001
0.000318
0.000002
0.000000
0.000189
0.000002
0.000299
0.003710
0.000005
0.000000
0.000009
0.000000
0.000435
0.000003
0.000002
0.000001
0.000001
0.000000
0.000001
0.000001
0.000000
0.000199
0.000518
0.000001
0.003734
0.000004
0.000001
0.000094
0.000384
0.000007
0.000186
0.000001
0.000247
0.004075
0.000004
0.000000
0.000001
0.000001
0.000000
0.000001
0.000001
0.000000
0.007892
0.000001
0.000000
0.000001
0.000001
0.000001
0.000000
0.000001
0.000001
0.000001
0.000000
0.000001
0.000001
0.000001
0.005426
0.000004
0.000001
0.000001
0.000001
0.000480
0.000003
0.000001
0.000146
0.006501
0.000005
0.000001
0.000001
0.000001
0.000001
0.000000
0.000001
0.000410
0.000004
0.000000
0.000187
0.000213
0.000405
0.000003
0.000000
0.000673
0.000004
0.003756
0.000003
0.000001
0.000000
0.000000
0.000000
0.000264
0.000002
0.000242
0.000227
0.000001
0.000181
0.000001
0.000355
0.000135
0.000001
0.000596
0.003543
0.000005
0.000001
0.000000
0.000002
0.000001
0.000000
0.000000
0.000000
0.000561
0.000002
0.000000
0.000270
0.000250
0.000001
0.000178
0.000323
0.000001
0.017533
0.000005
0.000001
0.000188
0.000003
0.000001
0.000000
0.000001
0.000003
0.000002
0.000002
0.000001
0.000001
0.000004
0.000000
0.000000
0.000001
0.019358
0.000005
0.000001
0.000001
0.000001
0.000001
0.000001
0.000000
0.000001
0.000001
0.000001
0.000001
0.000001
0.000001
0.000001
0.000060
0.000001
0.000001
0.000001
0.000000
0.000000
0.000001
0.000000
0.000001
0.000001
0.000000
0.000001
0.000000
0.000001
0.000004
0.000001
0.000001
0.000001
0.000000
0.000001
0.009020
0.000005
0.000545
0.011244
0.002524
0.000003
0.002084
0.003005
0.000001
0.000615
0.011070
0.000004
0.000001
0.000000
0.000001
0.000000
0.000001
0.000000
0.000001
0.000000
0.000001
0.000001
0.000000
0.000001
0.000001
0.000151
0.000312
0.000002
0.000515
0.000460
0.000001
0.001196
0.000002
0.000001
0.000000
0.000001
0.000000
0.003339
0.008698
0.000004
0.000000
0.000002
0.000001
0.000000
0.000001
0.000001
0.000000
0.000000
0.000001
0.000001
0.000001
0.000000
0.000001
0.000001
0.000993
0.000280
0.000002
0.000667
0.000596
0.000004
0.001195
0.098507
0.000005
0.005367
0.000070
0.000002
0.000002
0.000001
0.000001
0.000001
0.000002
0.000002
0.000001
0.000001
0.000003
0.000001
0.000002
0.000001
0.000002
0.000001
0.001694
0.000004
0.000120
0.000001
0.000001
0.000001
0.000321
0.000180
0.000002
0.000197
0.000317
0.000002
0.000000
0.000000
0.000252
0.000315
0.000002
0.000615
0.002225
0.000004
0.000000
0.000160
0.003373
0.000002
0.000233
0.000002
0.000001
0.000001
0.000001
0.000001
0.000000
0.000001
0.000000
0.000001
0.000001
0.000000
0.000001
0.000366
0.000298
0.000539
0.000003
0.000001
0.000001
0.000000
0.000000
0.000270
0.000002
0.000197
0.000534
0.000001
0.097488
0.005422
0.000005
0.000000
0.000000
0.000079
0.000002
0.000000
0.000001
0.000001
0.000001
0.000001
0.000001
0.000000
0.000000
0.000001
0.000001
0.000001
0.000001
0.000000
0.000000
0.000001
0.000001
0.000003
0.000200
0.000002
0.000001
0.000179
0.000002
0.000288
0.000001
0.000185
0.000208
0.000001
0.006421
0.000004
0.000000
0.000000
0.000122
0.000187
0.000002
0.000320
0.000203
0.000002
0.000177
0.000230
0.000153
0.000002
0.000239
0.000702
0.000001
0.063013
0.000005
0.000001
0.000003
0.000001
0.000001
0.000000
0.000276
0.000680
0.000005
0.000001
0.000694
0.000005
0.000001
0.000001
0.000000
0.005058
0.000003
0.000000
0.000136
0.000268
0.000142
0.000002
0.000210
0.000183
0.000002
0.000191
0.000185
0.000001
0.000635
0.000003
0.000001
0.000479
0.004616
0.000004
0.000000
0.000002
0.000000
0.000001
0.000223
0.000302
0.000002
0.000001
0.000000
0.000326
0.000236
0.000002
0.000223
0.000751
0.000004
0.012488
0.000012
0.000007
0.000081
0.000004
0.000167
0.000001
0.000001
0.000000
0.000000
0.000149
0.000002
0.000000
0.000000
0.000001
0.000000
0.000000
0.000001
0.000348
0.000001
0.000103
0.000219
0.000002
0.000193
0.000361
0.000180
0.000001
0.000461
0.008402
0.000002
0.000000
0.000001
0.000001
0.000165
0.000218
0.000123
0.000001
0.000253
0.000266
0.000001
0.000353
0.000334
0.000003
0.000002
0.000480
0.000002
0.002495
0.000161
0.000007
0.000174
0.000273
0.000160
0.000001
0.000187
0.000423
0.000001
0.000000
0.000205
0.000001
0.000114
0.000233
0.000527
0.000001
0.002747
0.000003
0.000001
0.000215
0.000247
0.000002
0.000001
0.000214
0.000442
0.000001
0.000001
0.000196
0.000291
0.000001
0.000421
0.000218
0.004350
0.000001
0.000001
0.000001
0.000001
0.000186
0.000291
0.000001
0.000176
0.000373
0.000002
0.000232
0.000002
0.000282
0.000002
0.000162
0.000923
0.000004
0.001910
0.000004
0.000118
0.000002
0.000150
0.000177
0.000001
0.000294
0.000205
0.000001
0.009735
0.000004
0.000002
0.000001
0.000000
0.000001
0.000001
0.000393
0.000004
0.000001
0.000001
0.000916
0.000003
0.000001
0.000002
0.000001
0.000001
0.000000
0.000001
0.000001
0.000001
0.000563
0.000001
0.104730
0.000476
0.000004
0.000425
0.001415
0.000005
0.000001
0.000001
0.009332
0.000053
0.000001
0.000000
0.000001
0.000000
0.000000
0.000000
0.000001
0.000001
0.000001
0.000001
0.000001
0.000000
0.000000
0.000000
0.000001
0.000000
0.000000
0.000000
0.000001
0.006892
0.000005
0.000001
0.000002
0.000001
0.000213
0.000222
0.000001
0.000446
0.002671
0.000417
0.000002
0.000389
0.000440
0.000003
0.001514
0.014300
0.000004
0.000000
0.000000
0.000002
0.000001
0.000000
0.000328
0.000001
0.000243
0.000243
0.000002
0.000000
0.000306
0.000001
0.000164
0.000610
0.002768
0.000004
0.000000
0.000002
0.000000
0.000000
0.000000
0.000000
0.000642
0.000002
0.000001
0.000423
0.000001
0.000000
0.000290
0.000001
0.000610
0.003699
0.000069
0.000001
0.000000
0.000350
0.000002
0.000236
0.000267
0.000001
0.000001
0.000302
0.000001
0.000220
0.000181
0.000002
0.000208
0.000552
0.010559
0.000005
0.000001
0.000001
0.000000
0.000000
0.000001
0.000001
0.000001
0.000000
0.000001
0.000000
0.000000
0.000001
0.000001
0.000001
0.000002
0.000001
0.000001
0.000001
0.000000
0.000328
0.000002
0.000001
0.000001
0.000337
0.000161
0.000002
0.000201
0.000002
0.000111
0.000001
0.000717
0.046477
0.000004
0.000001
0.000001
0.000001
0.000174
0.000002
0.000001
0.000205
0.000411
0.000005
0.000001
0.000001
0.000487
0.000002
0.000001
0.000441
0.007697
0.000003
0.000001
0.000001
0.000219
0.000001
0.000212
0.000214
0.000002
0.000173
0.000204
0.000002
0.000253
0.000109
0.000001
0.000261
0.000535
0.008160
0.000004
0.000001
0.000000
0.000000
0.000000
0.002113
0.000004
0.002855
0.000003
0.000001
0.000000
0.000145
0.000160
0.000002
0.000285
0.001186
0.000005
0.006087
0.000005
0.000000
0.000001
0.000426
0.000003
0.000001
0.000145
0.000255
0.000001
0.000001
0.000354
0.000173
0.000002
0.000226
0.000684
0.000004
0.005340
0.000004
0.000001
0.000001
0.000126
0.000001
0.000288
0.000281
0.000001
0.000271
0.000001
0.000381
0.000003
0.000001
0.000175
0.000618
0.008789
0.000005
0.000001
0.000002
0.000001
0.000001
0.000396
0.000001
0.000001
0.000270
0.000002
0.000266
0.000261
0.000002
0.000001
0.000293
0.000553
0.000002
0.004815
0.000004
0.000001
0.000400
0.000797
0.000003
0.000002
0.000001
0.000000
0.000001
0.000481
0.000003
0.000000
0.000001
0.000442
0.000003
0.000137
0.008141
0.000016
0.000001
0.000002
0.000006
0.000002
0.000002
0.000003
0.000001
0.000003
0.000001
0.000001
0.000002
0.000002
0.000002
0.000001
0.000003
0.000003
0.000002
0.000919
0.000008
0.000003
0.000002
0.000001
0.000002
0.000001
0.000001
0.000276
0.000002
0.000002
0.000001
0.099833
0.000003
0.000000
0.000000
0.000001
0.000000
0.000000
0.000001
0.000000
0.000001
0.000001
0.000001
0.000000
0.000001
0.000001
0.000001
0.001427
0.000004
0.000001
0.001829
0.000004
0.000000
0.000000
0.000001
0.000002
0.000006
0.000000
0.000002
0.000485
0.000065
0.000002
0.000000
0.000301
0.000188
0.000001
0.000516
0.001446
0.000002
0.000251
0.000001
0.000001
0.000553
0.000004
0.000001
0.000240
0.000004
0.000000
0.000310
0.000006
0.000001
0.000190
0.000101
0.000447
0.006010
0.000003
0.000001
0.000001
0.000001
0.000001
0.000001
0.000048
0.000001
0.000001
0.000001
0.000001
0.000000
0.000001
0.000136
0.000511
0.000001
0.018340
0.000281
0.000001
0.000514
0.000499
0.000005
0.001509
0.095128
0.000012
0.006036
0.000003
0.000001
0.000000
0.000001
0.000001
0.000001
0.000001
0.000000
0.000001
0.005810
0.000685
0.000076
0.000002
0.000000
0.000000
0.000001
0.000001
0.000001
0.000000
0.000001
0.000001
0.000001
0.000001
0.000001
0.000001
0.000001
0.000001
0.000001
0.000001
0.000001
0.000331
0.000631
0.000008
0.004511
0.092321
0.000004
0.001729
0.000004
0.000000
0.000000
0.000001
0.000001
0.000204
0.000003
0.000551
0.000001
0.000000
0.000171
0.000388
0.000002
0.000001
0.000572
0.000004
0.058943
0.000004
0.000216
0.000002
0.000001
0.000259
0.000002
0.000703
0.002160
0.000005
0.000000
0.000001
0.000001
0.000001
0.000171
0.000241
0.000002
0.000195
0.000190
0.000001
0.001080
0.000055
0.000002
0.000000
0.000000
0.000000
0.000000
0.000000
0.000000
0.000000
0.000000
0.000000
0.000000
0.000000
0.000000
0.000000
0.000000
0.000001
0.000000
0.000000
0.000001
0.000001
0.000000
0.000000
0.000000
0.000000
0.000000
0.000000
0.000000
0.000001
0.000001
0.000001
0.000000
0.000001
0.000001
0.000001
0.000000
0.000001
0.000003
0.000001
0.000001
0.000001
0.000000
0.000001
0.000001
0.002812
0.003855
0.000010
0.000002
0.000850
0.000003
0.000001
0.000478
0.000001
0.000000
0.000000
0.000000
0.000000
0.000471
0.000002
0.006106
0.000004
0.000002
0.000000
0.000001
0.000587
0.000002
0.000000
0.000146
0.000002
0.000135
0.000253
0.000002
0.000226
0.000212
0.000713
0.000005
0.111837
0.000993
0.000003
0.000001
0.000001
0.000001
0.000282
0.000260
0.000001
0.000318
0.000041
0.000275
0.000001
0.001179
0.000002
0.000001
0.000001
0.000000
0.000001
0.002950
0.000004
0.000000
0.000349
0.000002
0.000000
0.000441
0.000002
0.000213
0.000001
0.000239
0.000001
0.000000
0.000301
0.000647
0.000002
0.000198
0.006322
0.000012
0.000000
0.000000
0.000001
0.000000
0.000001
0.000000
0.000000
0.000001
0.000001
0.000000
0.000001
0.000000
0.000000
0.000001
0.000230
0.002237
0.000002
0.000001
0.000147
0.000002
0.000203
0.000247
0.000002
0.000789
0.000002
0.000001
0.000000
0.000001
0.000001
0.000235
0.000226
0.000522
0.000002
0.003161
0.000004
0.000001
0.000000
0.000002
0.000000
0.000276
0.000139
0.000002
0.000224
0.000294
0.000539
0.000004
0.000002
0.000001
0.000000
0.000346
0.000112
0.006209
0.000093
0.000066
0.000002
0.000001
0.000001
0.000001
0.000001
0.000001
0.000001
0.000000
0.000000
0.000001
0.000001
0.000002
0.000001
0.000000
0.005184
0.000004
0.000001
0.000000
0.000001
0.000001
0.000002
0.000001
0.000001
0.000001
0.000001
0.000000
0.000320
0.000002
0.000001
0.000000
0.000001
0.002935
0.000002
0.000001
0.000001
0.000001
0.000231
0.000262
0.000001
0.000149
0.000219
0.000207
0.000002
0.000184
0.000236
0.000001
0.000383
0.000510
0.000003
0.005827
0.000005
0.000000
0.000001
0.002099
0.000003
0.000001
0.000000
0.000001
0.000001
0.000001
0.000001
0.000001
0.000144
0.000002
0.000149
0.001966
0.002713
0.000004
0.000001
0.000000
0.000001
0.000000
0.000389
0.000146
0.000002
0.000306
0.000002
0.000001
0.000433
0.000003
0.000001
0.000263
0.000865
0.000013
0.005065
0.000005
0.000002
0.000001
0.000001
0.000001
0.000064
0.000002
0.000000
0.000001
0.000001
0.000001
0.000001
0.000000
0.000004
0.000000
0.000275
0.005846
0.000004
0.000002
0.000001
0.000000
0.000001
0.000001
0.000001
0.000001
0.000001
0.000350
0.000002
0.000000
0.000231
0.000001
0.000502
0.000001
0.000526
0.002748
0.000003
0.000001
0.000000
0.000253
0.000002
0.000001
0.000272
0.000227
0.000004
0.000625
0.003008
0.000006
0.000001
0.000634
0.000005
0.000001
0.001562
0.000002
0.000000
0.000265
0.000002
0.000122
0.000267
0.000002
0.000203
0.000218
0.000001
0.000188
0.000225
0.000181
0.000001
0.000579
0.000192
0.000001
0.002369
0.000002
0.000001
0.000375
0.000003
0.000001
0.000232
0.000213
0.000232
0.000001
0.000148
0.000233
0.000002
0.000229
0.000144
0.000002
0.000564
0.002274
0.000015
0.000003
0.000001
0.000002
0.000134
0.000006
0.000002
0.000001
0.000002
0.000000
0.000001
0.000000
0.000001
0.000004
0.000000
0.000000
0.002114
0.000004
0.000001
0.000001
0.000001
0.000165
0.001639
0.000005
0.000002
0.000001
0.000000
0.000001
0.000001
0.000001
0.000331
0.000426
0.000002
0.002086
0.001268
0.000004
0.000001
0.000000
0.000000
0.000182
0.000261
0.000291
0.000002
0.000166
0.000219
0.000001
0.000121
0.000138
0.000001
0.000845
0.013900
0.000005
0.000001
0.000002
0.000000
0.000001
0.000000
0.000001
0.000001
0.000001
0.000001
0.000003
0.000001
0.000001
0.000001
0.000001
0.000001
0.000001
0.028753
0.000009
0.022589
0.000005
0.000000
0.000002
0.000000
0.000001
0.000001
0.000001
0.000001
0.000000
0.000001
0.000001
0.000001
0.000001
0.000540
0.000003
0.000001
0.000001
0.000001
0.000001
0.000847
0.000004
0.000000
0.000710
0.000002
0.000000
0.000001
0.000001
0.000001
0.007392
0.000005
0.000001
0.000001
0.000226
0.000144
0.000001
0.000264
0.000261
0.000002
0.000653
0.000415
0.000003
0.000000
0.000001
0.000001
0.000249
0.005140
0.000005
0.000003
0.000001
0.000002
0.000001
0.000155
0.000324
0.000415
0.000003
0.000001
0.000003
0.000001
0.000325
0.000003
0.000000
0.000642
0.003438
0.000004
0.000003
0.000001
0.000001
0.000000
0.000309
0.000002
0.000228
0.000251
0.000001
0.001096
0.000002
0.000001
0.000000
0.000001
0.000001
0.006226
0.000001
0.000001
0.000117
0.000001
0.000001
0.000001
0.000690
0.000002
0.000000
0.000001
0.000720
0.000002
0.000001
0.000001
0.000000
0.000221
0.022867
0.000003
0.000001
0.000001
0.000380
0.000002
0.000001
0.000001
0.000000
0.000001
0.000001
0.000001
0.000000
0.000000
0.000000
0.000001
0.000000
0.000000
0.000000
0.000208
0.000676
0.000003
0.000000
0.000001
0.000000
0.000001
0.000144
0.000599
0.000001
0.114948
0.003562
0.000004
0.000001
0.000001
0.000001
0.000205
0.000237
0.000002
0.000000
0.000168
0.000274
0.000197
0.000001
0.000233
0.000203
0.000002
0.000507
0.005643
0.000071
0.000002
0.000002
0.000183
0.000002
0.000683
0.000003
0.000001
0.000002
0.000001
0.000120
0.000002
0.000274
0.000148
0.000001
0.000563
0.005560
0.000004
0.000191
0.000001
0.000222
0.000001
0.001871
0.000003
0.000000
0.000001
0.000001
0.000000
0.000000
0.000001
0.000001
0.000001
0.000153
0.000002
0.002956
0.000005
0.000261
0.000001
0.000286
0.000001
0.000001
0.000190
0.000266
0.000001
0.000000
0.000234
0.000297
0.000001
0.000266
0.000222
0.000001
0.005158
0.000004
0.000001
0.000000
0.008854
0.000003
0.000001
0.000001
0.000001
0.000000
0.000000
0.000000
0.000001
0.000000
0.000000
0.000001
0.000000
0.000000
0.000000
0.002336
0.000003
0.002853
0.000004
0.000000
0.000002
0.000000
0.000244
0.000001
0.000277
0.000599
0.000003
0.006590
0.000004
0.000003
0.000000
0.000000
0.000271
0.000001
0.000149
0.000242
0.000001
0.000157
0.000239
0.000001
0.000226
0.000173
0.000001
0.000522
0.007841
0.000002
0.000001
0.000001
0.000103
0.000000
0.000476
0.000002
0.000000
0.000285
0.000161
0.000002
0.000752
0.000002
0.000001
0.000001
0.000322
0.008712
0.000004
0.000000
0.000000
0.000199
0.000002
0.000189
0.000237
0.000002
0.000001
0.000316
0.000001
0.000257
0.000213
0.000002
0.000000
0.000950
0.002196
0.000004
0.000001
0.000000
0.000001
0.000000
0.000248
0.000001
0.000260
0.000002
0.000246
0.000325
0.000001
0.000142
0.000232
0.000002
0.000645
0.005398
0.000004
0.000001
0.000000
0.000001
0.000001
0.000241
0.000165
0.000001
0.000207
0.000195
0.000001
0.000285
0.000220
0.000002
0.000225
0.000600
0.004356
0.000005
0.000000
0.000001
0.000001
0.000001
0.000231
0.000001
0.000149
0.000208
0.000001
0.000204
0.000212
0.000002
0.000208
0.000137
0.000459
0.000001
0.004694
0.000003
0.000001
0.000001
0.000451
0.000003
0.000001
0.000000
0.000000
0.000000
0.000000
0.000245
0.000001
0.000118
0.000286
0.001035
0.000004
0.002964
0.000004
0.000001
0.000295
0.000002
0.000001
0.000126
0.000001
0.000238
0.000232
0.000002
0.000258
0.000235
0.000001
0.000142
0.000725
0.000004
0.002305
0.000004
0.000001
0.000001
0.000171
0.000199
0.000003
0.000178
0.000373
0.000003
0.000000
0.000000
0.000002
0.000001
0.000338
0.000701
0.000002
0.004882
0.000005
0.000000
0.000001
0.000177
0.000001
0.000235
0.000002
0.000001
0.000664
0.000002
0.000000
0.000001
0.000131
0.000280
0.000002
0.000845
0.004684
0.000006
0.000001
0.000001
0.000001
0.000163
0.000232
0.000225
0.000002
0.000227
0.000118
0.000000
0.000153
0.000092
0.000335
0.000001
0.001589
0.002320
0.000004
0.000254
0.000002
0.000001
0.000354
0.000001
0.000111
0.000306
0.000002
0.000224
0.000227
0.000002
0.000155
0.000168
0.000001
0.000911
0.006384
0.000003
0.000000
0.000000
0.000000
0.000000
0.000372
0.000260
0.000002
0.000001
0.000232
0.000001
0.000189
0.000393
0.000246
0.000002
0.000819
0.003393
0.000003
0.000001
0.000001
0.000001
0.000398
0.000224
0.000002
0.000001
0.001560
0.001024
0.000004
0.000001
0.000002
0.000001
0.000299
0.000003
0.000616
0.003312
0.000004
0.000000
0.000323
0.000003
0.000001
0.000431
0.000002
0.000001
0.000212
0.000002
0.000554
0.001443
0.000013
0.000002
0.000002
0.000007
0.003812
0.000074
0.000001
0.000002
0.000003
0.000001
0.000002
0.000001
0.000001
0.000001
0.000000
0.000001
0.000611
0.000036
0.000001
0.000001
0.000348
0.000002
0.012745
0.000123
0.000003
0.000001
0.000001
0.000001
0.000001
0.000001
0.000001
0.000001
0.000001
0.000001
0.000001
0.000001
0.000001
0.000000
0.000005
0.000001
0.000000
0.000000
0.000001
0.000001
0.000001
0.000001
0.000000
0.000001
0.000001
0.000001
0.000001
0.000001
0.000002
0.000000
0.000001
0.000000
0.000000
0.007940
0.000004
0.000000
0.000001
0.000001
0.000000
0.000336
0.000312
0.000002
0.000303
0.000002
0.000001
0.000177
0.002021
0.000009
0.000002
0.000002
0.002834
0.000004
0.000002
0.000377
0.000004
0.012761
0.000002
0.000001
0.000001
0.000001
0.000001
0.000000
0.002046
0.000517
0.000004
0.000001
0.000382
0.000004
0.000001
0.000351
0.000003
0.000423
0.007378
0.000003
0.000000
0.000435
0.000002
0.000001
0.000001
0.000001
0.000000
0.000395
0.000002
0.000001
0.000001
0.000278
0.000002
0.000001
0.000613
0.004986
0.000004
0.000001
0.000000
0.000003
0.000123
0.000001
0.000343
0.000304
0.000001
0.000127
0.000284
0.000001
0.000115
0.006035
0.000003
0.000000
0.000439
0.004007
0.000004
0.000000
0.000240
0.000001
0.000001
0.000498
0.000002
0.000001
0.001250
0.000004
0.000002
0.000001
0.000001
0.000001
0.000000
0.001648
0.006141
0.000014
0.000006
0.000003
0.000001
0.000003
0.000019
0.000001
0.000001
0.000001
0.000001
0.000002
0.000748
0.000006
0.000001
0.000001
0.000001
0.000001
0.005834
0.000005
0.000001
0.000514
0.000002
0.000001
0.000002
0.000001
0.000000
0.000261
0.000169
0.000002
0.000340
0.001758
0.002601
0.000004
0.000505
0.000003
0.008450
0.000092
0.000002
0.000081
0.000002
0.000001
0.000000
0.000001
0.000001
0.000001
0.000000
0.000001
0.000001
0.000001
0.000001
0.000073
0.000002
0.000001
0.000000
0.000001
0.000004
0.000001
0.000001
0.000293
0.000002
0.000335
0.000002
0.000001
0.000253
0.000001
0.000182
0.000408
0.000001
0.015188
0.000004
0.000001
0.000000
0.000213
0.000003
0.000236
0.000755
0.013355
0.000003
0.000001
0.000001
0.000001
0.000001
0.000001
0.000001
0.000001
0.000001
0.000001
0.000000
0.000000
0.000000
0.000000
0.000000
0.000000
0.000000
0.011803
0.000163
0.000002
0.000001
0.000001
0.000001
0.000001
0.000000
0.000001
0.000001
0.000001
0.000000
0.000001
0.000001
0.000001
0.000001
0.000000
0.000001
0.000213
0.000165
0.000001
0.000253
0.000003
0.000001
0.000281
0.000230
0.000001
0.000212
0.000466
0.000002
0.014391
0.000004
0.000000
0.000000
0.000003
0.000001
0.000001
0.000001
0.000196
0.000161
0.000002
0.000566
0.000003
0.000001
0.000000
0.000505
0.015870
0.000007
0.000006
0.000005
0.000085
0.000003
0.000272
0.000002
0.000000
0.000427
0.000002
0.000157
0.000570
0.000003
0.000001
0.000001
0.000000
0.000547
0.010197
0.000004
0.000001
0.000002
0.000165
0.000002
0.000001
0.000341
0.000237
0.000221
0.000002
0.000168
0.000223
0.000002
0.000162
0.004425
0.000002
0.000000
0.000001
0.000002
0.000000
0.000242
0.000192
0.000001
0.004464
0.000003
0.000001
0.000002
0.000001
0.000001
0.000001
0.000000
0.000001
0.000001
0.000001
0.000001
0.000001
0.000000
0.000205
0.000002
0.000156
0.000198
0.000001
0.000353
0.000002
0.000348
0.000002
0.000206
0.007151
0.000006
0.000001
0.000001
0.000002
0.000001
0.000549
0.000004
0.000001
0.003928
0.000003
0.000000
0.000001
0.000001
0.000001
0.000000
0.000001
0.000001
0.000140
0.000223
0.000001
0.000239
0.000238
0.000001
0.000869
0.000004
0.000001
0.000003
0.000284
0.000002
0.000001
0.000332
0.000001
0.100375
0.002653
0.000003
0.000000
0.000002
0.000000
0.000001
0.000198
0.000216
0.000002
0.000207
0.000206
0.000001
0.000211
0.000204
0.000001
0.000201
0.000206
0.000002
0.000543
0.000710
0.004928
0.000004
0.000001
0.000001
0.000000
0.000001
0.000000
0.000001
0.000001
0.000001
0.000000
0.000002
0.000001
0.000001
0.000001
0.000001
0.000000
0.000247
0.000002
0.006888
0.001931
0.000004
0.000001
0.000233
0.000002
0.000347
0.000002
0.000335
0.000001
0.000191
0.000294
0.000001
0.001024
0.000003
0.000000
0.000001
0.000001
0.000001
0.000227
0.000002
0.000001
0.000206
0.000001
0.000197
0.001195
0.000001
0.001006
0.000124
0.000001
0.000550
0.005028
0.000004
0.000001
0.000138
0.000207
0.000001
0.000344
0.000885
0.000002
0.000001
0.000000
0.000000
0.000001
0.000166
0.000002
0.000226
0.000551
0.004558
0.000004
0.000003
0.000001
0.000000
0.000320
0.000002
0.000124
0.000001
0.000304
0.000115
0.000001
0.000297
0.000136
0.000257
0.000001
0.000542
0.004361
0.000003
0.000001
0.000001
0.000000
0.000001
0.000334
0.000001
0.000296
0.000002
0.000591
0.000002
0.000001
0.000348
0.000001
0.000001
0.000322
0.000001
0.011469
0.000007
0.000001
0.000001
0.000002
0.000001
0.000001
0.000001
0.000004
0.000001
0.000001
0.000001
0.000001
0.000001
0.000209
0.000238
0.000496
0.000002
0.008649
0.000004
0.000002
0.000000
0.000000
0.000000
0.000000
0.000286
0.000002
0.000317
0.000002
0.000000
0.000213
0.000128
0.000318
0.000001
0.000737
0.034952
0.000003
0.000001
0.000000
0.000001
0.000001
0.000001
0.000001
0.000001
0.000000
0.000001
0.000001
0.000001
0.000000
0.000000
0.000000
0.000300
0.000002
0.000001
0.000558
0.000002
0.000000
0.000001
0.000001
0.000000
0.000000
0.000001
0.000001
0.000001
0.000000
0.000001
0.000310
0.001241
0.000004
0.001846
0.000003
0.000001
0.000001
0.000002
0.000265
0.000001
0.000308
0.000002
0.000280
0.000209
0.000002
0.000290
0.000002
0.000221
0.000001
0.000770
0.005803
0.000004
0.005201
0.000004
0.000002
0.000000
0.000001
0.000001
0.000000
0.000000
0.000000
0.000000
0.000000
0.000001
0.000001
0.000001
0.000139
0.000002
0.000422
0.000413
0.000002
0.000000
0.000234
0.000001
0.000147
0.000198
0.000555
0.000002
0.104358
0.017843
0.000267
0.000002
0.000355
0.000256
0.000001
0.000492
0.001103
0.000002
0.002533
0.000389
0.000001
0.000001
0.000000
0.000377
0.000002
0.000002
0.000710
0.000355
0.000001
0.000001
0.001259
0.032240
0.000004
0.000000
0.000000
0.000000
0.000001
0.000000
0.000001
0.000000
0.000299
0.000001
0.000001
0.000000
0.000001
0.000001
0.020454
0.000004
0.000064
0.000001
0.000001
0.000000
0.000001
0.000001
0.000000
0.000001
0.000000
0.000001
0.000000
0.000001
0.000000
0.000000
0.000382
0.000536
0.000002
0.000476
0.001114
0.000002
0.037259
0.000465
0.000002
0.000001
0.000582
0.000174
0.001452
0.000005
0.005746
0.000004
0.000000
0.000001
0.000000
0.000000
0.000679
0.000421
0.000001
0.000000
0.000443
0.001357
0.000004
0.056534
0.000003
0.000001
0.000000
0.000002
0.000000
0.000001
0.000001
0.000136
0.000366
0.000001
0.000110
0.000001
0.000001
0.000213
0.000242
0.000002
0.000232
0.000735
0.005212
0.000004
0.000002
0.000000
0.000001
0.000253
0.000264
0.000002
0.000261
0.000206
0.000002
0.000329
0.000002
0.000001
0.000234
0.000002
0.001030
0.000004
0.013072
0.000002
0.000000
0.000001
0.000001
0.000001
0.000000
0.000155
0.000001
0.000293
0.000144
0.000002
0.000320
0.000001
0.000072
0.000837
0.000004
0.009018
0.000285
0.000002
0.001820
0.000002
0.000000
0.004575
0.000004
0.000000
0.000001
0.000000
0.000001
0.000000
0.000001
0.000001
0.000001
0.000001
0.000001
0.000001
0.000000
0.007074
0.000123
0.000005
0.000002
0.000001
0.000002
0.000001
0.000002
0.000001
0.000002
0.000001
0.000001
0.000001
0.000001
0.000001
0.000001
0.000001
0.001726
0.000012
0.000003
0.000000
0.000005
0.000002
0.000001
0.000193
0.000002
0.000901
0.000003
0.000000
0.000000
0.000001
0.000000
0.000000
0.000673
0.002262
0.000004
0.000001
0.000495
0.000002
0.008821
0.000011
0.000002
0.000003
0.000002
0.000001
0.000001
0.000002
0.000002
0.000001
0.000002
0.000003
0.000001
0.000002
0.000001
0.003093
0.000003
0.000000
0.000283
0.000002
0.000272
0.000002
0.000220
0.000162
0.000001
0.000566
0.000001
0.000001
0.000000
0.000288
0.000001
0.000835
0.002021
0.000005
0.000000
0.000000
0.004073
0.000005
0.000001
0.000000
0.000001
0.000000
0.000000
0.000000
0.000001
0.000000
0.000000
0.000000
0.000000
0.000000
0.000000
0.000189
0.000115
0.000001
0.000258
0.000255
0.000206
0.000002
0.006140
0.000003
0.000001
0.000001
0.000001
0.000001
0.000000
0.000002
0.000000
0.000000
0.000353
0.000258
0.000002
0.000205
0.000165
0.000002
0.000190
0.000148
0.000001
0.000204
0.000747
0.000004
0.002340
0.000003
0.000001
0.000285
0.000002
0.000001
0.000273
0.000002
0.000193
0.000003
0.000000
0.000303
0.000244
0.000002
0.000240
0.000002
0.000488
0.000001
0.001529
0.000006
0.000001
0.000001
0.000209
0.000238
0.000001
0.000001
0.000413
0.000002
0.000000
0.000282
0.000220
0.000002
0.000208
0.000494
0.000002
0.009000
0.000975
0.000001
0.013006
0.000004
0.000001
0.000000
0.000002
0.000824
0.000004
0.008826
0.000004
0.000001
0.000001
0.000001
0.000001
0.000305
0.000003
0.000001
0.000290
0.000339
0.000002
0.000000
0.000262
0.000246
0.000002
0.000530
0.003873
0.000005
0.000001
0.000001
0.000002
0.000000
0.000122
0.000294
0.000002
0.000001
0.000313
0.000208
0.000001
0.000206
0.000170
0.000001
0.000540
0.006861
0.000107
0.000001
0.000001
0.000001
0.000186
0.000583
0.000003
0.000001
0.000171
0.002624
0.000004
0.000003
0.000001
0.000001
0.000000
0.000001
0.000001
0.000253
0.000127
0.000001
0.000209
0.000794
0.044074
0.000209
0.000002
0.000707
0.000004
0.000001
0.000103
0.000317
0.000002
0.000295
0.000213
0.000001
0.000221
0.000002
0.000377
0.000001
0.000001
0.000175
0.000001
0.000448
0.002412
0.000002
0.000001
0.000001
0.000001
0.000001
0.000001
0.000001
0.000001
0.000000
0.000459
0.000002
0.000001
0.000000
0.000001
0.000000
0.000267
0.000806
0.000001
0.000239
0.000236
0.000366
0.000001
0.000000
0.000394
0.000002
0.000001
0.000359
0.000001
0.000215
0.000181
0.000001
0.000178
0.000265
0.000001
0.007047
0.000004
0.000000
0.000002
0.000001
0.000001
0.000000
0.000001
0.000001
0.000000
0.007661
0.000005
0.000001
0.000001
0.000001
0.000001
0.005307
0.000063
0.000002
0.000001
0.000001
0.000001
0.000000
0.000001
0.000000
0.000000
0.000001
0.000000
0.000000
0.000001
0.000001
0.000000
0.000001
0.000001
0.000000
0.000001
0.000000
0.000001
0.000003
0.000001
0.000000
0.000000
0.000000
0.000000
0.000000
0.000000
0.000000
0.000000
0.000001
0.002123
0.000004
0.000000
0.001258
0.000230
0.000008
0.001323
0.000003
0.000001
0.000000
0.000000
0.000001
0.000001
0.000001
0.000001
0.000001
0.000001
0.000000
0.006292
0.000342
0.000001
0.000521
0.000467
0.001113
0.000001
0.011158
0.000002
0.000196
0.000001
0.000551
0.001482
0.000004
0.000001
0.000301
0.001140
0.000004
0.000001
0.000001
0.000002
0.000001
0.000195
0.000002
0.000260
0.000149
0.000205
0.000001
0.000187
0.000211
0.000002
0.000215
0.000549
0.000002
0.002776
0.000002
0.000001
0.000241
0.000282
0.000003
0.000001
0.000238
0.000180
0.000001
0.000106
0.000274
0.000210
0.000001
0.000143
0.000550
0.000002
0.001728
0.000408
0.000003
0.000192
0.000001
0.000000
0.000109
0.000325
0.000882
0.000003
0.000000
0.000001
0.000001
0.000002
0.000001
0.000001
0.000671
0.001646
0.000002
0.000245
0.000164
0.000070
0.000296
0.000001
0.000184
0.000384
0.033515
0.000005
0.000000
0.000300
0.000001
0.000001
0.000001
0.000000
0.000382
0.000002
0.000001
0.000284
0.000374
0.000002
0.000001
0.000230
0.000442
0.000001
0.017332
0.000003
0.000000
0.000456
0.000002
0.000001
0.000630
0.000002
0.000001
0.000001
0.000501
0.000003
0.000000
0.000001
0.000148
0.000001
0.000370
0.010590
0.000005
0.000001
0.000000
0.000000
0.000002
0.000423
0.000003
0.000001
0.000091
0.000294
0.000001
0.000137
0.000234
0.000002
0.000258
0.000765
0.000002
0.020668
0.000005
0.000001
0.000003
0.000001
0.000001
0.000001
0.000301
0.000002
0.000001
0.000476
0.000002
0.000001
0.000001
0.000458
0.000467
0.000002
0.001289
0.000005
0.000002
0.000000
0.000000
0.000356
0.000002
0.000001
0.000258
0.000002
0.000226
0.000230
0.000014
0.000290
0.000002
0.000764
0.006312
0.000005
0.000000
0.000001
0.000001
0.000000
0.000001
0.000001
0.000001
0.000000
0.000234
0.000001
0.000226
0.000002
0.000215
0.000144
0.000586
0.000003
0.002710
0.000002
0.000000
0.000001
0.000198
0.000001
0.000477
0.003034
0.000004
0.000001
0.000001
0.000271
0.000003
0.000001
0.000272
0.000001
0.000312
0.000174
0.000001
0.000781
0.002236
0.000005
0.000001
0.000000
0.000248
0.000001
0.000002
0.000338
0.000228
0.000002
0.000142
0.000237
0.000002
0.000222
0.000142
0.000615
0.000002
0.001543
0.000004
0.000000
0.000000
0.000149
0.000001
0.000304
0.000265
0.000002
0.000002
0.000271
0.000224
0.000001
0.000299
0.000001
0.000000
0.000650
0.002331
0.000005
0.000000
0.000000
0.000002
0.000194
0.000002
0.000284
0.000174
0.000001
0.000209
0.000166
0.000002
0.000207
0.000208
0.000002
0.000539
0.004367
0.000003
0.000001
0.000001
0.000001
0.000762
0.000003
0.000000
0.000001
0.000000
0.000122
0.000001
0.001337
0.006094
0.000080
0.000002
0.000014
0.000002
0.000001
0.000001
0.000002
0.000001
0.000002
0.000001
0.000001
0.000000
0.000000
0.000000
0.000001
0.000001
0.000000
0.000000
0.000001
0.000130
0.000260
0.000001
0.000245
0.000123
0.000002
0.000264
0.000263
0.000001
0.000564
0.001801
0.000005
0.000001
0.000383
0.000002
0.000001
0.000161
0.000231
0.000002
0.000275
0.000280
0.000002
0.000084
0.000158
0.000254
0.000558
0.000003
0.022634
0.000003
0.000003
0.000001
0.000001
0.000001
0.000227
0.000200
0.000002
0.000149
0.000259
0.000003
0.000082
0.000354
0.000168
0.000002
0.000600
0.002349
0.000003
0.000001
0.000001
0.000001
0.000001
0.000420
0.000006
0.000000
0.000875
0.000011
0.000001
0.000995
0.000005
0.000001
0.000001
0.000000
0.000002
0.003691
0.000223
0.000006
0.000003
0.000001
0.000001
0.000002
0.000003
0.000002
0.000001
0.000001
0.000002
0.000002
0.000000
0.000001
0.000291
0.005051
0.000111
0.000002
0.000003
0.000001
0.000001
0.000361
0.000002
0.000001
0.000222
0.000152
0.000002
0.000237
0.000231
0.000229
0.000002
0.000470
0.002638
0.000005
0.000001
0.000001
0.000001
0.000001
0.000001
0.000000
0.000197
0.000144
0.000515
0.000003
0.000001
0.000587
0.000005
0.000002
0.000450
0.000002
0.002032
0.000002
0.000001
0.000001
0.000001
0.000003
0.000001
0.000001
0.000104
0.000001
0.000350
0.000308
0.000001
0.000001
0.000242
0.000737
0.000003
0.001955
0.018063
0.000004
0.000001
0.000001
0.000002
0.000001
0.000001
0.000000
0.000000
0.000001
0.000000
0.000001
0.000001
0.000000
0.000001
0.000001
0.000001
0.000000
0.000000
0.000001
0.000001
0.000001
0.000001
0.000746
0.000002
0.000001
0.000001
0.000001
0.000001
0.000001
0.000202
0.008904
0.000003
0.000002
0.000001
0.000001
0.000001
0.000231
0.000002
0.000178
0.000283
0.000268
0.000002
0.000293
0.000002
0.000000
0.000245
0.000648
0.000004
0.009062
0.000087
0.000001
0.000001
0.000001
0.000003
0.000283
0.000588
0.023436
0.000004
0.000001
0.001137
0.000003
0.000002
0.000001
0.000001
0.000001
0.000811
0.000002
0.000000
0.000001
0.000357
0.000001
0.000000
0.000139
0.000002
0.000207
0.000675
0.000002
0.001691
0.000005
0.000001
0.000001
0.000002
0.000170
0.000001
0.000286
0.000161
0.000002
0.000000
0.000296
0.000241
0.000001
0.000228
0.000224
0.000001
0.001886
0.000006
0.000000
0.000001
0.000000
0.000000
0.000149
0.000002
0.000246
0.000234
0.000002
0.000211
0.000228
0.000179
0.000002
0.000002
0.000684
0.000001
0.003203
0.000004
0.000001
0.000001
0.000116
0.000001
0.000194
0.000354
0.000002
0.000225
0.000175
0.000001
0.000211
0.000154
0.000001
0.000154
0.000689
0.000002
0.001858
0.000005
0.000001
0.000343
0.000002
0.000001
0.000000
0.000000
0.000351
0.000186
0.000001
0.000237
0.000301
0.000002
0.000001
0.000822
0.002396
0.000005
0.000001
0.000001
0.000002
0.000643
0.000003
0.000000
0.000001
0.000000
0.000001
0.000543
0.000002
0.000199
0.000003
0.000238
0.000910
0.000007
0.001061
0.000008
0.000001
0.000006
0.000002
0.000001
0.000761
0.000013
0.000002
0.000002
0.000002
0.000002
0.001222
0.000017
0.000002
0.000001
0.000001
0.000000
0.003264
0.000002
0.000001
0.000001
0.000000
0.000001
0.000001
0.000197
0.000002
0.000141
0.000241
0.000001
0.000203
0.000204
0.000001
0.000558
0.006094
0.001823
0.000012
0.003134
0.001987
0.000146
0.000001
0.000547
0.001977
0.000002
0.000948
0.001770
0.000005
0.000000
0.000002
0.000000
0.000001
0.000270
0.000002
0.000000
0.000243
0.000388
0.000002
0.000309
0.000002
0.000000
0.000182
0.000886
0.000005
0.003012
0.000003
0.000001
0.000001
0.000225
0.000384
0.000002
0.000000
0.000180
0.000001
0.000261
0.000001
0.000206
0.000222
0.000217
0.000002
0.000527
0.003044
0.000005
0.000001
0.000001
0.000003
0.000001
0.000223
0.000001
0.000232
0.000159
0.000226
0.000001
0.000233
0.000137
0.000001
0.000231
0.000512
0.000002
0.001451
0.000004
0.000001
0.000274
0.000002
0.000420
0.000002
0.000001
0.000165
0.000002
0.000214
0.000235
0.000002
0.000485
0.002273
0.000006
0.000001
0.000001
0.000000
0.000001
0.000001
0.000001
0.000000
0.000003
0.000001
0.000000
0.000001
0.000269
0.000001
0.000561
0.001546
0.000002
0.000001
0.004366
0.000004
0.000000
0.000063
0.000002
0.000001
0.000001
0.000000
0.000001
0.000001
0.000001
0.000000
0.000000
0.000000
0.000000
0.000000
0.000000
0.000000
0.000000
0.000143
0.000001
0.000302
0.000234
0.000001
0.000187
0.000240
0.000231
0.000001
0.000148
0.000521
0.000002
0.091217
0.001436
0.000113
0.000001
0.000000
0.000434
0.000002
0.000031
0.000003
0.000001
0.000001
0.000454
0.000002
0.000001
0.000001
0.000001
0.000628
0.000002
0.000001
0.000001
0.000000
0.001778
0.000011
0.002245
0.000014
0.000006
0.000001
0.000003
0.000002
0.000003
0.000002
0.000001
0.000001
0.000002
0.000000
0.000963
0.000012
0.000003
0.000002
0.000003
0.000001
0.016556
0.000307
0.000516
0.000002
0.000355
0.001331
0.000004
0.004511
0.000085
0.000001
0.000001
0.000001
0.000000
0.000401
0.000002
0.000506
0.000003
0.000001
0.000283
0.000002
0.000169
0.000002
0.000001
0.000338
0.002244
0.000003
0.000001
0.007423
0.000271
0.001714
0.000004
0.000001
0.000001
0.000002
0.000001
0.000001
0.000001
0.000001
0.000001
0.000001
0.007516
0.000002
0.000001
0.000001
0.000001
0.000001
0.000000
0.000001
0.000001
0.000001
0.000001
0.000001
0.000001
0.000001
0.000002
0.000001
0.000001
0.000001
0.000001
0.000001
0.000001
0.000001
0.000001
0.000001
0.000001
0.000001
0.000000
0.000001
0.000000
0.000000
0.000001
0.000001
0.000001
0.000001
0.001478
0.000125
0.000002
0.000233
0.000214
0.000001
0.000106
0.000178
0.000205
0.000001
0.000272
0.000222
0.000001
0.000148
0.000256
0.000001
0.000438
0.004449
0.000004
0.000001
0.000455
0.001506
0.000002
0.000245
0.000229
0.000001
0.000158
0.000412
0.000002
0.000001
0.000191
0.000001
0.000168
0.000173
0.000002
0.000182
0.000276
0.000540
0.000001
0.003333
0.000004
0.000001
0.000000
0.000154
0.000165
0.000001
0.000235
0.001894
0.002235
0.000002
0.000000
0.000000
0.000000
0.000001
0.000701
0.000003
0.001506
0.000003
0.000001
0.000304
0.000002
0.000337
0.000002
0.000001
0.000438
0.000002
0.000000
0.000437
0.000002
0.000000
0.000108
0.000615
0.000002
0.002309
0.000003
0.000326
0.000002
0.000311
0.000004
0.000001
0.000001
0.000829
0.000002
0.000000
0.000001
0.000001
0.000000
0.000000
0.000519
0.000002
0.003899
0.000004
0.000001
0.000131
0.000135
0.000002
0.000283
0.000133
0.000001
0.000634
0.000002
0.000002
0.000001
0.000238
0.000195
0.000001
0.000140
0.003599
0.000004
0.000001
0.000182
0.000130
0.000001
0.000307
0.001564
0.000002
0.000000
0.000001
0.000001
0.000000
0.000000
0.000000
0.000000
0.000232
0.002099
0.000004
0.000000
0.000002
0.000002
0.000202
0.000002
0.000287
0.000175
0.000002
0.000224
0.000260
0.000002
0.000272
0.000181
0.000001
0.000365
0.002064
0.000004
0.000001
0.000154
0.000227
0.000001
0.000225
0.000188
0.000003
0.000270
0.000186
0.000001
0.000161
0.000190
0.000203
0.000001
0.000547
0.004311
0.000002
0.000001
0.000181
0.000001
0.000207
0.000179
0.000001
0.000199
0.000272
0.000160
0.000001
0.000203
0.000080
0.000414
0.000001
0.000526
0.001906
0.000002
0.000258
0.000040
0.000000
0.000289
0.000320
0.000217
0.000001
0.000218
0.000215
0.000001
0.000184
0.000543
0.000003
0.000001
0.000427
0.000001
0.001110
0.000299
0.000226
0.000001
0.000226
0.000230
0.000001
0.000273
0.000002
0.000001
0.000464
0.000002
0.000000
0.000000
0.000244
0.000364
0.006331
0.000005
0.000001
0.000557
0.000002
0.000002
0.000001
0.000001
0.000455
0.000002
0.000000
0.000001
0.000496
0.000002
0.000000
0.000000
0.000380
0.000002
0.001106
0.000249
0.000001
0.000165
0.000354
0.000002
0.001223
0.000312
0.000466
0.000002
0.000001
0.000503
0.000003
0.000000
0.000001
0.000365
0.000002
0.016607
0.000004
0.002859
0.000005
0.000003
0.000001
0.000002
0.000171
0.000266
0.000002
0.000482
0.013818
0.000005
0.000001
0.000003
0.000000
0.000000
0.000000
0.000001
0.000000
0.000352
0.000257
0.000002
0.000165
0.000548
0.000002
0.001800
0.000005
0.000001
0.000000
0.000003
0.000173
0.000002
0.000000
0.000000
0.000196
0.000001
0.000139
0.000175
0.000001
0.000365
0.000635
0.000003
0.008944
0.000004
0.000001
0.000001
0.000001
0.000001
0.000000
0.000924
0.000002
0.000000
0.000000
0.000000
0.000001
0.000000
0.000000
0.000000
0.000000
0.054790
0.000003
0.000000
0.000002
0.000001
0.000231
0.000001
0.000687
0.002709
0.000106
0.000001
0.000002
0.000001
0.000001
0.000123
0.000002
0.000000
0.004058
0.000004
0.000000
0.000002
0.000001
0.000001
0.000000
0.000002
0.000001
0.000001
0.000001
0.000229
0.000002
0.000258
0.000216
0.000002
0.000212
0.000178
0.000001
0.000221
0.000176
0.000816
0.000004
0.001886
0.000004
0.000000
0.000001
0.000002
0.000170
0.000001
0.000938
0.000340
0.000002
0.000239
0.000232
0.000225
0.000001
0.000160
0.000777
0.000002
0.002910
0.000004
0.000000
0.000000
0.000001
0.000001
0.000196
0.000189
0.000001
0.000220
0.000154
0.000364
0.000001
0.000001
0.000269
0.000001
0.000552
0.004447
0.000004
0.000000
0.000001
0.020446
0.000004
0.000000
0.001824
0.000005
0.000000
0.000000
0.000000
0.000001
0.007967
0.000004
0.000001
0.000001
0.000001
0.000001
0.000001
0.000000
0.000000
0.000000
0.000001
0.000000
0.000000
0.000001
0.000002
0.000001
0.000001
0.000001
0.000001
0.027752
0.000012
0.000007
0.000517
0.000001
0.000001
0.000001
0.000001
0.000223
0.000381
0.000250
0.000002
0.000001
0.000275
0.000001
0.000001
0.000404
0.000001
0.004800
0.000568
0.000001
0.000001
0.000001
0.000000
0.000001
0.000324
0.000001
0.000001
0.000329
0.000041
0.000234
0.000182
0.000179
0.000001
0.000305
0.010509
0.000002
0.000001
0.000001
0.000000
0.000001
0.000001
0.000001
0.000000
0.000001
0.000000
0.000001
0.000000
0.000001
0.000001
0.000001
0.000000
0.003929
0.000002
0.000000
0.000125
0.000426
0.000001
0.000001
0.000574
0.000002
0.000001
0.000365
0.000002
0.000232
0.000001
0.000241
0.000284
0.000002
0.001912
0.000274
0.000005
0.000000
0.000281
0.000001
0.000281
0.000334
0.000309
0.000002
0.000000
0.000325
0.000001
0.000220
0.000001
0.000000
0.000489
0.002268
0.000003
0.000001
0.000237
0.000001
0.000247
0.000165
0.000001
0.000184
0.000272
0.000002
0.000168
0.000316
0.000534
0.000001
0.000001
0.000071
0.002033
0.000122
0.000001
0.000206
0.000250
0.000001
0.000133
0.000271
0.000001
0.000134
0.000274
0.000001
0.000440
0.004429
0.000005
0.000001
0.000362
0.000002
0.000001
0.000000
0.000546
0.000002
0.001895
0.000003
0.000001
0.000288
0.000330
0.000254
0.000002
0.000300
0.000380
0.000003
0.000001
0.000000
0.000000
0.000000
0.000211
0.000523
0.000002
0.004960
0.000002
0.000001
0.000001
0.000001
0.000129
0.000001
0.000306
0.000252
0.000002
0.000162
0.000239
0.000002
0.000212
0.000001
0.000899
0.002139
0.000003
0.000001
0.000000
0.000000
0.000290
0.000295
0.000003
0.000001
0.000382
0.000001
0.000000
0.000391
0.000173
0.000001
0.000241
0.000582
0.000003
0.001754
0.000002
0.000000
0.000394
0.000002
0.000001
0.000284
0.000258
0.000214
0.000002
0.000175
0.000279
0.000000
0.000295
0.000003
0.000001
0.000539
0.001853
0.000005
0.000003
0.000001
0.000142
0.000001
0.000288
0.000645
0.000001
0.000000
0.000000
0.000098
0.000001
0.000248
0.000311
0.000001
0.000521
0.001205
0.000005
0.000003
0.000001
0.000339
0.000002
0.000001
0.000294
0.000002
0.000320
0.000001
0.000001
0.000363
0.000002
0.000225
0.000717
0.000003
0.005396
0.000005
0.000001
0.000001
0.000001
0.000200
0.000002
0.000001
0.000305
0.000001
0.000252
0.000002
0.000000
0.000327
0.000203
0.000002
0.000581
0.002254
0.000003
0.000001
0.000001
0.000000
0.000375
0.000239
0.000204
0.000002
0.000192
0.000611
0.000001
0.000001
0.000000
0.000001
0.000098
0.000665
0.000001
0.001662
0.000003
0.000135
0.000002
0.000261
0.000274
0.000002
0.000001
0.000304
0.000190
0.000001
0.000223
0.000148
0.000002
0.000232
0.000667
0.001824
0.000004
0.000000
0.000000
0.000002
0.000000
0.000345
0.000002
0.000194
0.000002
0.000321
0.000230
0.000001
0.000284
0.000165
0.000002
0.000708
0.001811
0.000005
0.000001
0.000328
0.004718
0.000003
0.000001
0.000001
0.000000
0.000001
0.000000
0.000000
0.000264
0.000294
0.000002
0.000238
0.000002
0.000267
0.000002
0.000195
0.000002
0.000000
0.001670
0.000005
0.000001
0.000001
0.000355
0.000001
0.000003
0.000001
0.000001
0.000268
0.000145
0.000225
0.000001
0.000218
0.000213
0.000001
0.000384
0.001488
0.000347
0.000003
0.000001
0.000385
0.000002
0.000001
0.000243
0.000001
0.000220
0.000189
0.000174
0.000002
0.000228
0.000205
0.000001
0.000570
0.002454
0.000001
0.000388
0.000002
0.000001
0.000254
0.000002
0.000196
0.000157
0.000001
0.000207
0.000175
0.000002
0.000226
0.000213
0.000534
0.000003
0.003283
0.000003
0.000001
0.000000
0.000001
0.000042
0.000288
0.000183
0.000002
0.000181
0.000168
0.000293
0.000002
0.000163
0.000099
0.000001
0.000848
0.001864
0.000004
0.000001
0.000001
0.000001
0.000180
0.000269
0.000001
0.000000
0.000245
0.000187
0.000001
0.000354
0.000002
0.000297
0.000002
0.000770
0.001705
0.000004
0.000001
0.000002
0.000000
0.000001
0.000381
0.000002
0.000001
0.000232
0.000234
0.000002
0.000222
0.000175
0.000001
0.000227
0.000384
0.004501
0.000004
0.000000
0.003013
0.000005
0.000001
0.000001
0.000271
0.000002
0.000001
0.000216
0.000002
0.000456
0.002164
0.000004
0.000002
0.000002
0.000000
0.000000
0.000001
0.000291
0.000002
0.000234
0.000234
0.000001
0.000180
0.000168
0.000222
0.000001
0.000852
0.007158
0.000003
0.000002
0.000001
0.000000
0.000003
0.000001
0.000001
0.000001
0.000340
0.000002
0.000001
0.000289
0.000219
0.000002
0.000225
0.000681
0.000002
0.001549
0.000003
0.000001
0.000000
0.000277
0.000002
0.000240
0.008525
0.000217
0.000001
0.000000
0.000000
0.000000
0.000000
0.000000
0.000000
0.000000
0.000000
0.000000
0.000000
0.000000
0.000000
0.009704
0.000004
0.000001
0.001213
0.000004
0.000001
0.000185
0.000146
0.000001
0.000298
0.000213
0.000218
0.000001
0.000177
0.000156
0.000001
0.000225
0.000820
0.000002
0.001502
0.000004
0.000001
0.000000
0.000303
0.000164
0.000002
0.000170
0.000193
0.000002
0.000344
0.000001
0.000001
0.000276
0.000229
0.000001
0.000751
0.005207
0.000005
0.000000
0.000003
0.000001
0.000000
0.000313
0.000169
0.000001
0.000277
0.000002
0.000000
0.000283
0.000420
0.000002
0.000001
0.000573
0.007325
0.000004
0.000003
0.000001
0.000002
0.000001
0.000001
0.000001
0.000000
0.000172
0.000002
0.000005
0.000000
0.000001
0.000158
0.000354
0.000002
0.000001
0.000579
0.000002
0.001226
0.000279
0.003100
0.000048
0.000002
0.000001
0.000001
0.000000
0.000001
0.000001
0.000001
0.000001
0.000001
0.000000
0.000000
0.000001
0.000003
0.000001
0.000429
0.000002
0.002466
0.000004
0.000000
0.000001
0.000001
0.000000
0.000282
0.000347
0.000002
0.000000
0.000146
0.000262
0.000002
0.000305
0.000002
0.000000
0.000936
0.001281
0.000005
0.000000
0.000001
0.000001
0.000001
0.000335
0.000002
0.000001
0.000190
0.000281
0.000003
0.000002
0.000112
0.000001
0.000334
0.000240
0.000002
0.006571
0.000005
0.000001
0.000001
0.000001
0.000876
0.000003
0.000001
0.000001
0.000000
0.000001
0.000001
0.000001
0.000000
0.000212
0.000001
0.000691
0.001120
0.000004
0.000001
0.000522
0.000002
0.005387
0.000273
0.000002
0.001021
0.000002
0.000001
0.000001
0.000483
0.000495
0.000004
0.000001
0.000181
0.000001
0.000245
0.000226
0.000002
0.000190
0.000222
0.000001
0.000170
0.000216
0.000214
0.000001
0.000161
0.000566
0.000002
0.000557
0.000002
0.000001
0.000325
0.000397
0.000002
0.000001
0.000134
0.000661
0.000002
0.000001
0.000001
0.000001
0.000146
0.000473
0.000003
0.000001
0.003593
0.000005
0.000002
0.000001
0.000001
0.000171
0.000225
0.000201
0.000002
0.000165
0.000259
0.000001
0.000000
0.000413
0.000002
0.000135
0.000598
0.000002
0.003479
0.000005
0.000003
0.000000
0.000001
0.000252
0.000311
0.000001
0.000000
0.000264
0.000002
0.000239
0.000266
0.000001
0.000209
0.000748
0.000002
0.002545
0.000005
0.000001
0.000001
0.000173
0.000334
0.000002
0.000000
0.000258
0.000002
0.000264
0.000001
0.000378
0.000002
0.000000
0.000622
0.003581
0.000008
0.000000
0.000001
0.000001
0.000000
0.000159
0.000403
0.000001
0.000208
0.000207
0.000002
0.000169
0.000229
0.000001
0.000273
0.000001
0.000640
0.001648
0.000004
0.000002
0.000001
0.000001
0.000001
0.000336
0.000197
0.000169
0.000002
0.000244
0.000164
0.000001
0.000231
0.000249
0.000001
0.000516
0.001404
0.000004
0.000002
0.000000
0.000000
0.000000
0.000274
0.000249
0.000066
0.000001
0.000331
0.000002
0.000125
0.000104
0.000392
0.000001
0.000685
0.002506
0.000002
0.000000
0.000001
0.000001
0.000000
0.000000
0.000001
0.000243
0.000136
0.000001
0.000257
0.000400
0.000001
0.000001
0.000670
0.000003
0.001690
0.000004
0.000001
0.000000
0.000002
0.000311
0.000002
0.000301
0.000001
0.000001
0.000280
0.000001
0.000216
0.000295
0.000002
0.000228
0.000676
0.000828
0.000004
0.002318
0.000004
0.000002
0.000244
0.000690
0.000004
0.000001
0.000275
0.000002
0.000000
0.000284
0.000261
0.000002
0.000230
0.000183
0.000172
0.000002
0.000221
0.000221
0.000001
0.000650
0.004999
0.000003
0.000000
0.000001
0.000000
0.000000
0.000244
0.000168
0.000002
0.000153
0.000404
0.000246
0.000002
0.000182
0.000003
0.000001
0.000729
0.002137
0.000003
0.000003
0.000001
0.000001
0.000001
0.000172
0.000002
0.000234
0.000001
0.000307
0.000237
0.000002
0.000152
0.000226
0.000753
0.000003
0.001852
0.000004
0.000000
0.000000
0.000000
0.000317
0.000225
0.000002
0.000156
0.000235
0.000399
0.000002
0.000001
0.000000
0.000385
0.000001
0.000789
0.001638
0.000004
0.000001
0.000001
0.000001
0.000208
0.000313
0.000002
0.000245
0.000002
0.000603
0.000003
0.004476
0.000004
0.000000
0.000440
0.000004
0.000001
0.000001
0.003706
0.000003
0.000001
0.000001
0.000001
0.000001
0.000001
0.000001
0.000000
0.000001
0.005822
0.005600
0.000075
0.000004
0.000001
0.000000
0.001598
0.000003
0.000000
0.000001
0.000001
0.000001
0.000001
0.000001
0.006579
0.000010
0.000004
0.000002
0.000001
0.000002
0.000004
0.000002
0.011268
0.000006
0.000056
0.000001
0.000001
0.000000
0.000000
0.000000
0.000001
0.000002
0.000000
0.000000
0.000001
0.000000
0.000001
0.000001
0.000000
0.000000
0.000000
0.000001
0.000001
0.000000
0.000001
0.000001
0.000000
0.000000
0.000000
0.001340
0.000396
0.000006
0.000643
0.096289
0.000003
0.010133
0.000004
0.000002
0.000001
0.000001
0.000001
0.000435
0.000001
0.000001
0.000000
0.000001
0.000001
0.000000
0.000001
0.000001
0.000001
0.000000
0.000000
0.000000
0.000001
0.000766
0.000002
0.000001
0.000001
0.000000
0.000313
0.000001
0.000000
0.000462
0.000002
0.000001
0.008160
0.000004
0.000379
0.000002
0.000297
0.000001
0.000001
0.000318
0.000001
0.000230
0.000002
0.000414
0.000215
0.000002
0.000001
0.000375
0.000001
0.005332
0.000373
0.000002
0.000367
0.001758
0.000005
0.000001
0.000314
0.000002
0.000001
0.000001
0.000001
0.000000
0.000001
0.000001
0.000000
0.002685
0.000004
0.000001
0.000002
0.000220
0.000187
0.000001
0.000191
0.000216
0.000001
0.000204
0.000210
0.000001
0.000218
0.000238
0.000001
0.000563
0.006761
0.000004
0.000002
0.000002
0.001254
0.000003
0.000001
0.000002
0.000001
0.000001
0.000001
0.000000
0.000000
0.000258
0.000002
0.000213
0.000842
0.000004
0.001617
0.000003
0.000001
0.000204
0.000001
0.000166
0.000191
0.000002
0.000463
0.000002
0.000000
0.000200
0.000001
0.000261
0.000112
0.000001
0.000994
0.017038
0.000004
0.000001
0.000000
0.000001
0.000000
0.000000
0.000000
0.000001
0.000001
0.001250
0.000003
0.000001
0.000001
0.000001
0.000001
0.003330
0.000110
0.000002
0.000001
0.000001
0.000001
0.000143
0.000229
0.000002
0.000646
0.000003
0.000000
0.000001
0.000238
0.000004
0.000318
0.000266
0.006417
0.000005
0.000001
0.000000
0.000002
0.000001
0.000001
0.000001
0.000000
0.000001
0.000001
0.000000
0.000001
0.000000
0.000001
0.000001
0.000001
0.000000
0.001265
0.000004
0.000001
0.000168
0.000144
0.000004
0.000213
0.000362
0.000004
0.000134
0.000164
0.000001
0.000237
0.000238
0.000002
0.000002
0.000592
0.000002
0.003559
0.000009
0.000002
0.000001
0.000002
0.000492
0.000004
0.000278
0.000003
0.000001
0.000001
0.000001
0.000000
0.000001
0.000001
0.000001
0.000199
0.009841
0.000004
0.000000
0.000001
0.000001
0.000000
0.000000
0.000000
0.000001
0.000001
0.000001
0.000001
0.000000
0.000001
0.000001
0.000000
0.000000
0.002830
0.000004
0.000001
0.000000
0.000001
0.000002
0.001507
0.000128
0.000004
0.000001
0.000001
0.000002
0.000001
0.000001
0.000001
0.000002
0.000001
0.000001
0.000001
0.000003
0.000001
0.000001
0.001829
0.000010
0.000223
0.000003
0.000001
0.000002
0.000002
0.000001
0.000001
0.000002
0.000001
0.000002
0.000002
0.000007
0.000001
0.000001
0.000001
0.000002
0.003437
0.000055
0.000003
0.000001
0.000001
0.000001
0.000000
0.000001
0.000002
0.000000
0.000001
0.000002
0.000001
0.000002
0.000004
0.000000
0.000925
0.004638
0.000005
0.000003
0.000001
0.000001
0.000001
0.000001
0.000000
0.001316
0.000190
0.000006
0.000001
0.000003
0.000001
0.000000
0.000001
0.000385
0.037331
0.000417
0.000003
0.000003
0.000000
0.000001
0.000000
0.000002
0.000002
0.000001
0.000000
0.000352
0.000003
0.000000
0.000256
0.000676
0.000002
0.001848
0.000003
0.000001
0.000001
0.000842
0.001453
0.000004
0.001263
0.000723
0.004926
0.000005
0.000366
0.000002
0.000420
0.000302
0.000001
0.001118
0.000003
0.000001
0.000252
0.000002
0.000001
0.000277
0.000216
0.000251
0.000002
0.000451
0.002970
0.000003
0.000001
0.000000
0.000002
0.000001
0.000000
0.000001
0.000001
0.000002
0.000001
0.000000
0.000001
0.000001
0.000205
0.000002
0.000226
0.000307
0.000002
0.000163
0.000543
0.000001
0.002432
0.000004
0.000001
0.000309
0.000002
0.000260
0.000389
0.000003
0.000001
0.000001
0.000000
0.000203
0.000239
0.000001
0.000165
0.000806
0.017533
0.000091
0.000001
0.000001
0.000002
0.000001
0.000268
0.000280
0.000002
0.000241
0.000002
0.000296
0.000002
0.000295
0.000002
0.000225
0.000539
0.000004
0.003469
0.000122
0.000002
0.000001
0.000000
0.000001
0.000001
0.000677
0.027654
0.000004
0.000002
0.002108
0.000004
0.000001
0.005354
0.000003
0.000001
0.000000
0.000003
0.000001
0.000001
0.000002
0.000358
0.000002
0.000526
0.000003
0.000001
0.000235
0.000004
0.000001
0.000459
0.002200
0.000004
0.000001
0.000002
0.000207
0.000002
0.000271
0.000176
0.000234
0.000001
0.000249
0.000002
0.000000
0.000479
0.000002
0.000897
0.000002
0.015880
0.000005
0.000000
0.000078
0.000002
0.000000
0.000001
0.000001
0.000000
0.000001
0.000001
0.000073
0.000003
0.000000
0.000001
0.000001
0.000000
0.000001
0.000001
0.000001
0.000001
0.000002
0.000001
0.000001
0.000197
0.000002
0.000184
0.000227
0.000003
0.000115
0.000254
0.000001
0.000633
0.015208
0.000004
0.000001
0.000000
0.000001
0.000187
0.000287
0.000653
0.000003
0.006142
0.000004
0.000001
0.000000
0.000001
0.000001
0.000348
0.000249
0.000002
0.000001
0.000327
0.000147
0.000251
0.000001
0.000136
0.000839
0.000004
0.008503
0.000002
0.000001
0.000000
0.000000
0.000242
0.000292
0.000002
0.000200
0.005312
0.000003
0.000000
0.000000
0.000000
0.000001
0.000000
0.000000
0.000000
0.000001
0.000602
0.000001
0.000001
0.000004
0.000001
0.000364
0.000002
0.000265
0.000001
0.000834
0.026829
0.000003
0.000001
0.000001
0.000001
0.000001
0.000001
0.000000
0.000631
0.000002
0.000000
0.001340
0.000005
0.000010
0.000001
0.001116
0.000004
0.000210
0.001634
0.000020
0.000001
0.000004
0.002351
0.000018
0.000001
0.000004
0.000001
0.000003
0.000001
0.000001
0.000002
0.000002
0.000002
0.000002
0.000003
0.002134
0.000004
0.000001
0.000002
0.000001
0.000001
0.000000
0.000001
0.000000
0.000347
0.000002
0.000001
0.000001
0.000000
0.000001
0.000001
0.000348
0.002876
0.000004
0.000001
0.000001
0.000001
0.000000
0.000147
0.000215
0.000002
0.000211
0.000211
0.000001
0.000293
0.000002
0.000194
0.000583
0.000002
0.003878
0.000008
0.000069
0.000003
0.000000
0.000001
0.000002
0.000000
0.000863
0.000004
0.000001
0.000001
0.000000
0.000000
0.000001
0.000001
0.000602
0.005014
0.000003
0.000294
0.000316
0.000001
0.000003
0.000284
0.000001
0.000000
0.000164
0.000472
0.000002
0.003958
0.005444
0.000003
0.000000
0.000001
0.000002
0.000001
0.000000
0.000001
0.000001
0.000001
0.000206
0.000002
0.000339
0.000514
0.000492
0.000002
0.001138
0.002971
0.000003
0.000233
0.000271
0.000001
0.000263
0.000002
0.000002
0.000422
0.000003
0.000249
0.000003
0.000368
0.000002
0.000001
0.000344
0.000001
0.000654
0.000207
0.000002
0.000214
0.000361
0.000001
0.000435
0.000001
0.000000
0.000263
0.000001
0.000305
0.000002
0.000000
0.000166
0.000001
0.000354
0.004863
0.000003
0.000001
0.000001
0.000000
0.000001
0.000001
0.000000
0.000001
0.000256
0.000005
0.000001
0.000329
0.000001
0.000001
0.000230
0.000301
0.000001
0.020600
0.000105
0.000075
0.000002
0.000001
0.000001
0.000000
0.000001
0.000001
0.000001
0.000001
0.000000
0.000000
0.000000
0.000000
0.000001
0.000001
0.000001
0.000001
0.000001
0.000216
0.000209
0.000003
0.000000
0.000237
0.000270
0.000002
0.000238
0.000455
0.000002
0.023191
0.000006
0.000001
0.000002
0.000005
0.000002
0.000001
0.000001
0.000384
0.006982
0.000005
0.000001
0.000002
0.000001
0.000001
0.000343
0.000004
0.000001
0.000493
0.000003
0.000001
0.000001
0.000270
0.000002
0.000538
0.002742
0.000004
0.000000
0.000003
0.000001
0.000001
0.000264
0.000002
0.000000
0.000298
0.000255
0.000001
0.000225
0.000168
0.000002
0.000215
0.000624
0.000004
0.003983
0.000006
0.000001
0.000000
0.000001
0.000000
0.002060
0.000004
0.003236
0.000005
0.000002
0.000001
0.000001
0.000001
0.000289
0.000428
0.000001
0.011539
0.000004
0.000001
0.000001
0.000001
0.000155
0.000002
0.000268
0.000158
0.000001
0.001351
0.000003
0.000000
0.000001
0.000001
0.000001
0.000001
0.009348
0.000061
0.000112
0.000002
0.000001
0.000000
0.000001
0.000000
0.000001
0.000001
0.000000
0.000001
0.000001
0.000000
0.000001
0.000001
0.000001
0.000001
0.000000
0.000000
0.000001
0.000051
0.000002
0.000222
0.000253
0.000001
0.000216
0.000251
0.000001
0.000001
0.000317
0.000118
0.000001
0.000244
0.000470
0.000001
0.002252
0.000002
0.000160
0.000216
0.000002
0.000201
0.000195
0.000001
0.000274
0.000166
0.000001
0.000233
0.000176
0.000002
0.000251
0.000249
0.001751
0.000002
0.000105
0.000197
0.000001
0.000279
0.000164
0.000001
0.000185
0.000278
0.000001
0.047212
0.000004
0.000000
0.000002
0.000170
0.000535
0.000002
0.028855
0.000004
0.000000
0.000001
0.000001
0.000233
0.000002
0.000000
0.000236
0.000200
0.000002
0.000184
0.000218
0.000001
0.000342
0.000739
0.000002
0.008454
0.000262
0.000002
0.000910
0.000005
0.000000
0.000001
0.000001
0.000001
0.000242
0.000490
0.000003
0.000002
0.000000
0.000293
0.000002
0.000001
0.000266
0.000797
0.000005
0.007688
0.000013
0.000001
0.000001
0.000005
0.000002
0.000001
0.000386
0.000006
0.000000
0.000001
0.000001
0.000001
0.000771
0.000006
0.000001
0.000000
0.018889
0.000005
0.000000
0.000003
0.000001
0.000001
0.000201
0.000352
0.000002
0.000001
0.000309
0.000190
0.000001
0.000185
0.000174
0.000001
0.000666
0.000002
0.004559
0.000004
0.000001
0.000001
0.000297
0.000001
0.000213
0.000001
0.000240
0.000260
0.000184
0.000002
0.000172
0.000100
0.000001
0.000272
0.000823
0.000004
0.009776
0.000005
0.000000
0.000003
0.000001
0.000001
0.000000
0.001337
0.000003
0.000000
0.000001
0.000001
0.000000
0.000001
0.000000
0.000250
0.000001
0.003831
0.000005
0.000000
0.000313
0.003401
0.000004
0.000001
0.000004
0.000111
0.000002
0.000514
0.000002
0.000000
0.000195
0.000276
0.000002
0.000002
0.000306
0.000221
0.000001
0.000571
0.002123
0.000005
0.000000
0.000001
0.000173
0.000002
0.000225
0.000002
0.000330
0.000016
0.000001
0.000276
0.000242
0.000001
0.000314
0.000002
0.000001
0.005258
0.000084
0.000000
0.000001
0.000000
0.000000
0.000317
0.000314
0.000002
0.000001
0.000257
0.000002
0.012792
0.000004
0.000001
0.000197
0.000002
0.000000
0.000000
0.000001
0.000002
0.000001
0.000001
0.000002
0.000001
0.000000
0.000001
0.000003
0.000001
0.000001
0.000001
0.000001
0.000395
0.118505
0.004477
0.000108
0.000005
0.000001
0.000001
0.000001
0.000001
0.000001
0.000001
0.000001
0.000000
0.000001
0.000001
0.000005
0.000000
0.000001
0.000212
0.000002
0.003783
0.000004
0.000272
0.000002
0.000003
0.000246
0.000002
0.000000
0.000256
0.000001
0.000000
0.000166
0.000002
0.001609
0.001408
0.000461
0.000001
0.010150
0.000005
0.000000
0.000003
0.000001
0.000197
0.000004
0.000851
0.000004
0.000001
0.000001
0.000002
0.000001
0.000000
0.000158
0.000534
0.000004
0.016551
0.000041
0.000003
0.000001
0.000001
0.000001
0.000000
0.000003
0.000000
0.000001
0.000001
0.000001
0.000001
0.001025
0.000005
0.000001
0.000001
0.008167
0.000005
0.000007
0.000001
0.000001
0.000001
0.000002
0.000001
0.000001
0.005659
0.000009
0.000002
0.000002
0.000001
0.000005
0.000002
0.000003
0.635006
0.000003
0.052154
0.061063
0.000005
0.008211
0.000004
0.000000
0.000000
0.000001
0.000001
0.000001
0.000001
0.000000
0.000000
0.000000
0.000000
0.000000
0.000000
0.000000
0.000000
0.000000
0.000001
0.000000
0.000000
0.000000
0.000001
0.000001
0.000001
0.000001
0.000001
0.000001
0.000001
0.000001
0.000000
0.000001
0.000001
0.000001
0.000000
0.000001
0.000001
0.000001
0.000001
0.000001
0.000001
0.000001
0.000000
0.000001
0.000001
0.000001
0.000000
0.000000
0.000000
0.000000
0.000000
0.000000
0.000000
0.000000
0.000000
0.000000
0.000000
0.000000
0.000000
0.000001
0.000000
0.000000
0.005627
0.000288
0.000002
0.005905
0.000518
0.000002
0.000476
0.003338
0.000005
0.001535
0.000425
0.002619
0.000004
0.000001
0.002557
0.000005
0.000173
0.002267
0.000004
0.000192
0.001956
0.000002
0.001127
0.000222
0.002198
0.000003
0.000001
0.000000
0.000000
0.002228
0.001525
0.000004
0.000000
0.000729
0.000004
0.000001
0.003326
0.000007
0.000002
0.018142
0.000004
0.000001
0.000011
0.000001
0.000001
0.000296
0.000003
0.000001
0.000274
0.000519
0.000002
0.010530
0.000198
0.002244
0.000003
0.000001
0.000001
0.000000
0.000001
0.005819
0.000011
0.000006
0.000003
0.000001
0.002417
0.000005
0.000170
0.000001
0.000287
0.012239
0.000002
0.000000
0.000000
0.000000
0.000228
0.000228
0.000001
0.000157
0.000568
0.000222
0.000001
0.005665
0.061546
0.000002
0.000001
0.000000
0.000001
0.000000
0.000001
0.000001
0.000000
0.000001
